
basicmath_small
0     0     0     0     0     0     0     3456468
0     0     0     0     0     0     0     186487
0     0     0     0     0     0     0     213552
0     0     0     0     0     0     0     180266
0     0     0     0     0     0     0     179569
0     0     0     0     0     0     0     180147
0     0     0     0     0     0     0     179355
0     0     0     0     0     0     0     179308
0     0     0     0     0     0     0     179468
0     0     0     0     0     0     0     180428
0     0     0     0     0     0     0     182775
0     0     0     0     0     0     0     180501
0     0     0     0     0     0     0     209446
0     0     0     0     0     0     0     184416
0     0     0     0     0     0     0     218774
0     0     0     0     0     0     0     2963719
0     0     0     0     0     0     0     180099
0     0     0     0     0     0     0     179596
0     0     0     0     0     0     0     180215
0     0     0     0     0     0     0     180083
0     0     0     0     0     0     0     180810
0     0     0     0     0     0     0     177290
0     0     0     0     0     0     0     179939
0     0     0     0     0     0     0     180039
0     0     0     0     0     0     0     180411
0     0     0     0     0     0     0     179541
0     0     0     0     0     0     0     180489
0     0     0     0     0     0     0     180003
0     0     0     0     0     0     0     180486
0     0     0     0     0     0     0     177400
0     0     0     0     0     0     0     180493
0     0     0     0     0     0     0     181736
0     0     0     0     0     0     0     180297
0     0     0     0     0     0     0     182581
0     0     0     0     0     0     0     180514
0     0     0     0     0     0     0     180319
0     0     0     0     0     0     0     180044
0     0     0     0     0     0     0     179819
0     0     0     0     0     0     0     1643156
0     0     0     0     0     0     0     181030
0     0     0     0     0     0     0     2096728
0     0     0     0     0     0     0     181043
0     0     0     0     0     0     0     180833
0     0     0     0     0     0     0     181102
0     0     0     0     0     0     0     182629
0     0     0     0     0     0     0     2232251
0     0     0     0     0     0     0     183870
0     0     0     0     0     0     0     180386
0     0     0     0     0     0     0     181209
0     0     0     0     0     0     0     179972
0     0     0     0     0     0     0     180172
0     0     0     0     0     0     0     180226
0     0     0     0     0     0     0     179726
0     0     0     0     0     0     0     180730
0     0     0     0     0     0     0     181740
0     0     0     0     0     0     0     180544
0     0     0     0     0     0     0     179793
0     0     0     0     0     0     0     2048985
0     0     0     0     0     0     0     177614
0     0     0     0     0     0     0     179895
0     0     0     0     0     0     0     180599
0     0     0     0     0     0     0     3989712
0     0     0     0     0     0     0     184872
0     0     0     0     0     0     0     290887
0     0     0     0     0     0     0     189818
0     0     0     0     0     0     0     180300
0     0     0     0     0     0     0     179563
0     0     0     0     0     0     0     179880
0     0     0     0     0     0     0     179629
0     0     0     0     0     0     0     179262
0     0     0     0     0     0     0     178927
0     0     0     0     0     0     0     179082
0     0     0     0     0     0     0     179072
0     0     0     0     0     0     0     179362
0     0     0     0     0     0     0     181595
0     0     0     0     0     0     0     179878
0     0     0     0     0     0     0     227987
0     0     0     0     0     0     0     3238078
0     0     0     0     0     0     0     184080
0     0     0     0     0     0     0     185013
0     0     0     0     0     0     0     179740
0     0     0     0     0     0     0     179650
0     0     0     0     0     0     0     179344
0     0     0     0     0     0     0     179441
0     0     0     0     0     0     0     3034906
0     0     0     0     0     0     0     188888
0     0     0     0     0     0     0     183289
0     0     0     0     0     0     0     181181
0     0     0     0     0     0     0     180138
0     0     0     0     0     0     0     179628
0     0     0     0     0     0     0     179703
0     0     0     0     0     0     0     179731
0     0     0     0     0     0     0     179435
0     0     0     0     0     0     0     179417
0     0     0     0     0     0     0     179395
0     0     0     0     0     0     0     179513
0     0     0     0     0     0     0     180146
0     0     0     0     0     0     0     177401
0     0     0     0     0     0     0     185148
0     0     0     0     0     0     0     183710
0     0     0     0     0     0     0     180910
0     0     0     0     0     0     0     180146
0     0     0     0     0     0     0     187123
0     0     0     0     0     0     0     180565
0     0     0     0     0     0     0     179962
0     0     0     0     0     0     0     179809
0     0     0     0     0     0     0     182280
0     0     0     0     0     0     0     180318
0     0     0     0     0     0     0     179262
0     0     0     0     0     0     0     179113
0     0     0     0     0     0     0     179118
0     0     0     0     0     0     0     179082
0     0     0     0     0     0     0     179445
0     0     0     0     0     0     0     179314
0     0     0     0     0     0     0     179156
0     0     0     0     0     0     0     179298
0     0     0     0     0     0     0     195789
0     0     0     0     0     0     0     180382
0     0     0     0     0     0     0     182755
0     0     0     0     0     0     0     180639
0     0     0     0     0     0     0     180191
0     0     0     0     0     0     0     177765
0     0     0     0     0     0     0     179697
0     0     0     0     0     0     0     179366
0     0     0     0     0     0     0     4834091
0     0     0     0     0     0     0     4035314
0     0     0     0     0     0     0     301125
0     0     0     0     0     0     0     187530
0     0     0     0     0     0     0     180308
0     0     0     0     0     0     0     180176
0     0     0     0     0     0     0     179692
0     0     0     0     0     0     0     180276
0     0     0     0     0     0     0     218100
0     0     0     0     0     0     0     181527
0     0     0     0     0     0     0     210042
0     0     0     0     0     0     0     180984
0     0     0     0     0     0     0     180659
0     0     0     0     0     0     0     182892
0     0     0     0     0     0     0     181050
0     0     0     0     0     0     0     2012677
0     0     0     0     0     0     0     180062
0     0     0     0     0     0     0     180782
0     0     0     0     0     0     0     3991862
0     0     0     0     0     0     0     180550
0     0     0     0     0     0     0     180523
0     0     0     0     0     0     0     180663
0     0     0     0     0     0     0     180327
0     0     0     0     0     0     0     179954
0     0     0     0     0     0     0     179787
0     0     0     0     0     0     0     179489
0     0     0     0     0     0     0     179352
0     0     0     0     0     0     0     179002
0     0     0     0     0     0     0     179347
0     0     0     0     0     0     0     179739
0     0     0     0     0     0     0     178987
0     0     0     0     0     0     0     181808
0     0     0     0     0     0     0     180100
0     0     0     0     0     0     0     179346
0     0     0     0     0     0     0     208101
0     0     0     0     0     0     0     180940
0     0     0     0     0     0     0     179824
0     0     0     0     0     0     0     184169
0     0     0     0     0     0     0     179924
0     0     0     0     0     0     0     179534
0     0     0     0     0     0     0     179704
0     0     0     0     0     0     0     197296
0     0     0     0     0     0     0     4025659
0     0     0     0     0     0     0     180310
0     0     0     0     0     0     0     180362
0     0     0     0     0     0     0     179870
0     0     0     0     0     0     0     180099
0     0     0     0     0     0     0     179348
0     0     0     0     0     0     0     179806
0     0     0     0     0     0     0     179751
0     0     0     0     0     0     0     179658
0     0     0     0     0     0     0     213515
0     0     0     0     0     0     0     181954
0     0     0     0     0     0     0     181581
0     0     0     0     0     0     0     3458876
0     0     0     0     0     0     0     193233
0     0     0     0     0     0     0     184021
0     0     0     0     0     0     0     179468
0     0     0     0     0     0     0     181182
0     0     0     0     0     0     0     179677
0     0     0     0     0     0     0     179284
0     0     0     0     0     0     0     179702
0     0     0     0     0     0     0     179398
0     0     0     0     0     0     0     179395
0     0     0     0     0     0     0     181700
0     0     0     0     0     0     0     179999
0     0     0     0     0     0     0     4643652
0     0     0     0     0     0     0     179410
0     0     0     0     0     0     0     179555
0     0     0     0     0     0     0     179633
0     0     0     0     0     0     0     179756
0     0     0     0     0     0     0     179498
0     0     0     0     0     0     0     179435
0     0     0     0     0     0     0     179319
0     0     0     0     0     0     0     178934
0     0     0     0     0     0     0     1594520
0     0     0     0     0     0     0     180926
0     0     0     0     0     0     0     176704
0     0     0     0     0     0     0     155342
0     0     0     0     0     0     0     181049
0     0     0     0     0     0     0     179691
0     0     0     0     0     0     0     179291
0     0     0     0     0     0     0     179254
0     0     0     0     0     0     0     178960
0     0     0     0     0     0     0     178854
0     0     0     0     0     0     0     178717
0     0     0     0     0     0     0     181605
0     0     0     0     0     0     0     179692
0     0     0     0     0     0     0     179200
0     0     0     0     0     0     0     178799
0     0     0     0     0     0     0     179443
0     0     0     0     0     0     0     179244
0     0     0     0     0     0     0     183528
0     0     0     0     0     0     0     180680
0     0     0     0     0     0     0     2776305
0     0     0     0     0     0     0     177872
0     0     0     0     0     0     0     178712
0     0     0     0     0     0     0     180152
0     0     0     0     0     0     0     180357
0     0     0     0     0     0     0     182803
0     0     0     0     0     0     0     179849
0     0     0     0     0     0     0     3997978
0     0     0     0     0     0     0     181308
0     0     0     0     0     0     0     180880
0     0     0     0     0     0     0     187520
0     0     0     0     0     0     0     181097
0     0     0     0     0     0     0     180095
0     0     0     0     0     0     0     179772
0     0     0     0     0     0     0     179526
0     0     0     0     0     0     0     182282
0     0     0     0     0     0     0     180591
0     0     0     0     0     0     0     179933
0     0     0     0     0     0     0     179736
0     0     0     0     0     0     0     179563
0     0     0     0     0     0     0     179583
0     0     0     0     0     0     0     179708
0     0     0     0     0     0     0     179954
0     0     0     0     0     0     0     180061
0     0     0     0     0     0     0     180073
0     0     0     0     0     0     0     210528
0     0     0     0     0     0     0     180309
0     0     0     0     0     0     0     179815
0     0     0     0     0     0     0     184084
0     0     0     0     0     0     0     186839
0     0     0     0     0     0     0     180815
0     0     0     0     0     0     0     183211
0     0     0     0     0     0     0     179981
0     0     0     0     0     0     0     2645459
0     0     0     0     0     0     0     183249
0     0     0     0     0     0     0     180630
0     0     0     0     0     0     0     180038
0     0     0     0     0     0     0     179909
0     0     0     0     0     0     0     179766
0     0     0     0     0     0     0     179884
0     0     0     0     0     0     0     179651
0     0     0     0     0     0     0     179428
0     0     0     0     0     0     0     177632
0     0     0     0     0     0     0     180645
0     0     0     0     0     0     0     181102
0     0     0     0     0     0     0     180854
0     0     0     0     0     0     0     180266
0     0     0     0     0     0     0     179940
0     0     0     0     0     0     0     180654
0     0     0     0     0     0     0     182831
0     0     0     0     0     0     0     180431
0     0     0     0     0     0     0     182029
0     0     0     0     0     0     0     180562
0     0     0     0     0     0     0     1834219
0     0     0     0     0     0     0     180438
0     0     0     0     0     0     0     4000770
0     0     0     0     0     0     0     185003
0     0     0     0     0     0     0     184718
0     0     0     0     0     0     0     180168
0     0     0     0     0     0     0     179973
0     0     0     0     0     0     0     179903
0     0     0     0     0     0     0     182369
0     0     0     0     0     0     0     180555
0     0     0     0     0     0     0     179644
0     0     0     0     0     0     0     179732
0     0     0     0     0     0     0     179593
0     0     0     0     0     0     0     180108
0     0     0     0     0     0     0     179442
0     0     0     0     0     0     0     179435
0     0     0     0     0     0     0     179192
0     0     0     0     0     0     0     179683
0     0     0     0     0     0     0     208052
0     0     0     0     0     0     0     180639
0     0     0     0     0     0     0     179896
0     0     0     0     0     0     0     179556
0     0     0     0     0     0     0     186579
0     0     0     0     0     0     0     181355
0     0     0     0     0     0     0     180159
0     0     0     0     0     0     0     180397
0     0     0     0     0     0     0     179628
0     0     0     0     0     0     0     181811
0     0     0     0     0     0     0     180910
0     0     0     0     0     0     0     3999449
0     0     0     0     0     0     0     181466
0     0     0     0     0     0     0     180542
0     0     0     0     0     0     0     184552
0     0     0     0     0     0     0     180826
0     0     0     0     0     0     0     179847
0     0     0     0     0     0     0     179499
0     0     0     0     0     0     0     179785
0     0     0     0     0     0     0     179869
0     0     0     0     0     0     0     182346
0     0     0     0     0     0     0     180433
0     0     0     0     0     0     0     179699
0     0     0     0     0     0     0     179431
0     0     0     0     0     0     0     179487
0     0     0     0     0     0     0     179662
0     0     0     0     0     0     0     178675
0     0     0     0     0     0     0     179350
0     0     0     0     0     0     0     208103
0     0     0     0     0     0     0     183454
0     0     0     0     0     0     0     180309
0     0     0     0     0     0     0     184161
0     0     0     0     0     0     0     185557
0     0     0     0     0     0     0     183157
0     0     0     0     0     0     0     179877
0     0     0     0     0     0     0     180557
0     0     0     0     0     0     0     206303
0     0     0     0     0     0     0     179729
0     0     0     0     0     0     0     181151
0     0     0     0     0     0     0     180742
0     0     0     0     0     0     0     181408
0     0     0     0     0     0     0     176952
0     0     0     0     0     0     0     179905
0     0     0     0     0     0     0     1626361
0     0     0     0     0     0     0     180139
0     0     0     0     0     0     0     180156
0     0     0     0     0     0     0     3997904
0     0     0     0     0     0     0     184807
0     0     0     0     0     0     0     184537
0     0     0     0     0     0     0     180110
0     0     0     0     0     0     0     179467
0     0     0     0     0     0     0     179223
0     0     0     0     0     0     0     181739
0     0     0     0     0     0     0     179574
0     0     0     0     0     0     0     179516
0     0     0     0     0     0     0     179333
0     0     0     0     0     0     0     179484
0     0     0     0     0     0     0     179511
0     0     0     0     0     0     0     178962
0     0     0     0     0     0     0     179131
0     0     0     0     0     0     0     178919
0     0     0     0     0     0     0     179120
0     0     0     0     0     0     0     208174
0     0     0     0     0     0     0     180303
0     0     0     0     0     0     0     179849
0     0     0     0     0     0     0     179456
0     0     0     0     0     0     0     179519
0     0     0     0     0     0     0     179265
0     0     0     0     0     0     0     179164
0     0     0     0     0     0     0     179584
0     0     0     0     0     0     0     182111
0     0     0     0     0     0     0     179656
0     0     0     0     0     0     0     180497
0     0     0     0     0     0     0     3998945
0     0     0     0     0     0     0     181831
0     0     0     0     0     0     0     180384
0     0     0     0     0     0     0     184688
0     0     0     0     0     0     0     180141
0     0     0     0     0     0     0     180036
0     0     0     0     0     0     0     179544
0     0     0     0     0     0     0     180141
0     0     0     0     0     0     0     181440
0     0     0     0     0     0     0     180402
0     0     0     0     0     0     0     179799
0     0     0     0     0     0     0     180126
0     0     0     0     0     0     0     179787
0     0     0     0     0     0     0     182368
0     0     0     0     0     0     0     180158
0     0     0     0     0     0     0     179679
0     0     0     0     0     0     0     124140
0     0     0     0     0     0     0     179949
0     0     0     0     0     0     0     180170
0     0     0     0     0     0     0     183743
0     0     0     0     0     0     0     193886
0     0     0     0     0     0     0     179603
0     0     0     0     0     0     0     2611076
0     0     0     0     0     0     0     180988
0     0     0     0     0     0     0     183217
0     0     0     0     0     0     0     185673
0     0     0     0     0     0     0     180179
0     0     0     0     0     0     0     179720
0     0     0     0     0     0     0     179659
0     0     0     0     0     0     0     179610
0     0     0     0     0     0     0     179971
0     0     0     0     0     0     0     179750
0     0     0     0     0     0     0     180071
0     0     0     0     0     0     0     183456
0     0     0     0     0     0     0     180193
0     0     0     0     0     0     0     206592
0     0     0     0     0     0     0     185748
0     0     0     0     0     0     0     218854
0     0     0     0     0     0     0     3999061
0     0     0     0     0     0     0     177866
0     0     0     0     0     0     0     184763
0     0     0     0     0     0     0     180129
0     0     0     0     0     0     0     182598
0     0     0     0     0     0     0     180810
0     0     0     0     0     0     0     180059
0     0     0     0     0     0     0     179570
0     0     0     0     0     0     0     179869
0     0     0     0     0     0     0     181127
0     0     0     0     0     0     0     180059
0     0     0     0     0     0     0     192007
0     0     0     0     0     0     0     186965
0     0     0     0     0     0     0     185253
0     0     0     0     0     0     0     185249
0     0     0     0     0     0     0     183362
0     0     0     0     0     0     0     177775
0     0     0     0     0     0     0     2028121
0     0     0     0     0     0     0     180727
0     0     0     0     0     0     0     180226
0     0     0     0     0     0     0     176410
0     0     0     0     0     0     0     179600
0     0     0     0     0     0     0     180397
0     0     0     0     0     0     0     180533
0     0     0     0     0     0     0     182784
0     0     0     0     0     0     0     180909
0     0     0     0     0     0     0     179831
0     0     0     0     0     0     0     180301
0     0     0     0     0     0     0     183259
0     0     0     0     0     0     0     180578
0     0     0     0     0     0     0     4016419
0     0     0     0     0     0     0     185399
0     0     0     0     0     0     0     181647
0     0     0     0     0     0     0     180885
0     0     0     0     0     0     0     178051
0     0     0     0     0     0     0     178300
0     0     0     0     0     0     0     177892
0     0     0     0     0     0     0     177850
0     0     0     0     0     0     0     178086
0     0     0     0     0     0     0     177446
0     0     0     0     0     0     0     177295
0     0     0     0     0     0     0     177633
0     0     0     0     0     0     0     177717
0     0     0     0     0     0     0     180226
0     0     0     0     0     0     0     178360
0     0     0     0     0     0     0     177694
0     0     0     0     0     0     0     177530
0     0     0     0     0     0     0     181158
0     0     0     0     0     0     0     178605
0     0     0     0     0     0     0     177407
0     0     0     0     0     0     0     182157
0     0     0     0     0     0     0     177966
0     0     0     0     0     0     0     182642
0     0     0     0     0     0     0     179915
0     0     0     0     0     0     0     177895
0     0     0     0     0     0     0     180201
0     0     0     0     0     0     0     182393
0     0     0     0     0     0     0     179556
0     0     0     0     0     0     0     4006654
0     0     0     0     0     0     0     182339
0     0     0     0     0     0     0     181369
0     0     0     0     0     0     0     183613
0     0     0     0     0     0     0     178524
0     0     0     0     0     0     0     177941
0     0     0     0     0     0     0     178274
0     0     0     0     0     0     0     177995
0     0     0     0     0     0     0     177760
0     0     0     0     0     0     0     177744
0     0     0     0     0     0     0     177566
0     0     0     0     0     0     0     177721
0     0     0     0     0     0     0     177599
0     0     0     0     0     0     0     178075
0     0     0     0     0     0     0     177923
0     0     0     0     0     0     0     177544
0     0     0     0     0     0     0     180626
0     0     0     0     0     0     0     210559
0     0     0     0     0     0     0     184247
0     0     0     0     0     0     0     181601
0     0     0     0     0     0     0     178034
0     0     0     0     0     0     0     181279
0     0     0     0     0     0     0     4302729
0     0     0     0     0     0     0     187399
0     0     0     0     0     0     0     212169
0     0     0     0     0     0     0     178349
0     0     0     0     0     0     0     177881
0     0     0     0     0     0     0     178457
0     0     0     0     0     0     0     177930
0     0     0     0     0     0     0     177701
0     0     0     0     0     0     0     177656
0     0     0     0     0     0     0     180140
0     0     0     0     0     0     0     178369
0     0     0     0     0     0     0     177728
0     0     0     0     0     0     0     177914
0     0     0     0     0     0     0     177667
0     0     0     0     0     0     0     177833
0     0     0     0     0     0     0     182088
0     0     0     0     0     0     0     179160
0     0     0     0     0     0     0     178959
0     0     0     0     0     0     0     179673
0     0     0     0     0     0     0     180525
0     0     0     0     0     0     0     176840
0     0     0     0     0     0     0     4029836
0     0     0     0     0     0     0     177275
0     0     0     0     0     0     0     182734
0     0     0     0     0     0     0     180128
0     0     0     0     0     0     0     180542
0     0     0     0     0     0     0     178055
0     0     0     0     0     0     0     177989
0     0     0     0     0     0     0     177206
0     0     0     0     0     0     0     180380
0     0     0     0     0     0     0     177776
0     0     0     0     0     0     0     177241
0     0     0     0     0     0     0     177325
0     0     0     0     0     0     0     177678
0     0     0     0     0     0     0     177482
0     0     0     0     0     0     0     183905
0     0     0     0     0     0     0     177303
0     0     0     0     0     0     0     184197
0     0     0     0     0     0     0     179603
0     0     0     0     0     0     0     179209
0     0     0     0     0     0     0     179212
0     0     0     0     0     0     0     4038870
0     0     0     0     0     0     0     182615
0     0     0     0     0     0     0     182198
0     0     0     0     0     0     0     177942
0     0     0     0     0     0     0     177729
0     0     0     0     0     0     0     177481
0     0     0     0     0     0     0     180272
0     0     0     0     0     0     0     177998
0     0     0     0     0     0     0     177363
0     0     0     0     0     0     0     177259
0     0     0     0     0     0     0     177064
0     0     0     0     0     0     0     177222
0     0     0     0     0     0     0     177044
0     0     0     0     0     0     0     177599
0     0     0     0     0     0     0     177386
0     0     0     0     0     0     0     177375
0     0     0     0     0     0     0     180114
0     0     0     0     0     0     0     210614
0     0     0     0     0     0     0     178511
0     0     0     0     0     0     0     178202
0     0     0     0     0     0     0     177778
0     0     0     0     0     0     0     183217
0     0     0     0     0     0     0     178237
0     0     0     0     0     0     0     176987
0     0     0     0     0     0     0     177406
0     0     0     0     0     0     0     177307
0     0     0     0     0     0     0     177457
0     0     0     0     0     0     0     183078
0     0     0     0     0     0     0     179999
0     0     0     0     0     0     0     178061
0     0     0     0     0     0     0     183065
0     0     0     0     0     0     0     178061
0     0     0     0     0     0     0     177740
0     0     0     0     0     0     0     177372
0     0     0     0     0     0     0     177003
0     0     0     0     0     0     0     176993
0     0     0     0     0     0     0     177590
0     0     0     0     0     0     0     177552
0     0     0     0     0     0     0     177384
0     0     0     0     0     0     0     177308
0     0     0     0     0     0     0     177433
0     0     0     0     0     0     0     177181
0     0     0     0     0     0     0     212957
0     0     0     0     0     0     0     186440
0     0     0     0     0     0     0     3066001
0     0     0     0     0     0     0     176051
0     0     0     0     0     0     0     176726
0     0     0     0     0     0     0     189769
0     0     0     0     0     0     0     212974
0     0     0     0     0     0     0     181267
0     0     0     0     0     0     0     179294
0     0     0     0     0     0     0     179478
0     0     0     0     0     0     0     4001921
0     0     0     0     0     0     0     180669
0     0     0     0     0     0     0     178634
0     0     0     0     0     0     0     233425
0     0     0     0     0     0     0     183753
0     0     0     0     0     0     0     183956
0     0     0     0     0     0     0     178917
0     0     0     0     0     0     0     177994
0     0     0     0     0     0     0     177898
0     0     0     0     0     0     0     177637
0     0     0     0     0     0     0     177821
0     0     0     0     0     0     0     177968
0     0     0     0     0     0     0     226469
0     0     0     0     0     0     0     177584
0     0     0     0     0     0     0     182110
0     0     0     0     0     0     0     2171782
0     0     0     0     0     0     0     178628
0     0     0     0     0     0     0     178252
0     0     0     0     0     0     0     186618
0     0     0     0     0     0     0     179098
0     0     0     0     0     0     0     178003
0     0     0     0     0     0     0     177484
0     0     0     0     0     0     0     177262
0     0     0     0     0     0     0     161008
0     0     0     0     0     0     0     179450
0     0     0     0     0     0     0     177360
0     0     0     0     0     0     0     179002
0     0     0     0     0     0     0     233571
0     0     0     0     0     0     0     4051526
0     0     0     0     0     0     0     205816
0     0     0     0     0     0     0     181418
0     0     0     0     0     0     0     180815
0     0     0     0     0     0     0     180390
0     0     0     0     0     0     0     180021
0     0     0     0     0     0     0     180085
0     0     0     0     0     0     0     181391
0     0     0     0     0     0     0     182269
0     0     0     0     0     0     0     3049524
0     0     0     0     0     0     0     179465
0     0     0     0     0     0     0     179910
0     0     0     0     0     0     0     176390
0     0     0     0     0     0     0     181199
0     0     0     0     0     0     0     179425
0     0     0     0     0     0     0     179479
0     0     0     0     0     0     0     189002
0     0     0     0     0     0     0     183637
0     0     0     0     0     0     0     4040488
0     0     0     0     0     0     0     189326
0     0     0     0     0     0     0     183464
0     0     0     0     0     0     0     177821
0     0     0     0     0     0     0     177615
0     0     0     0     0     0     0     177822
0     0     0     0     0     0     0     177988
0     0     0     0     0     0     0     177827
0     0     0     0     0     0     0     177502
0     0     0     0     0     0     0     177522
0     0     0     0     0     0     0     180106
0     0     0     0     0     0     0     178056
0     0     0     0     0     0     0     177671
0     0     0     0     0     0     0     177329
0     0     0     0     0     0     0     177610
0     0     0     0     0     0     0     177637
0     0     0     0     0     0     0     213435
0     0     0     0     0     0     0     178609
0     0     0     0     0     0     0     177826
0     0     0     0     0     0     0     177918
0     0     0     0     0     0     0     183615
0     0     0     0     0     0     0     177886
0     0     0     0     0     0     0     177824
0     0     0     0     0     0     0     177624
0     0     0     0     0     0     0     177776
0     0     0     0     0     0     0     180284
0     0     0     0     0     0     0     1445132
0     0     0     0     0     0     0     3509631
0     0     0     0     0     0     0     185433
0     0     0     0     0     0     0     179627
0     0     0     0     0     0     0     182976
0     0     0     0     0     0     0     178317
0     0     0     0     0     0     0     177587
0     0     0     0     0     0     0     177447
0     0     0     0     0     0     0     176931
0     0     0     0     0     0     0     177391
0     0     0     0     0     0     0     177091
0     0     0     0     0     0     0     177045
0     0     0     0     0     0     0     177437
0     0     0     0     0     0     0     177270
0     0     0     0     0     0     0     177811
0     0     0     0     0     0     0     177091
0     0     0     0     0     0     0     179400
0     0     0     0     0     0     0     177268
0     0     0     0     0     0     0     211333
0     0     0     0     0     0     0     174344
0     0     0     0     0     0     0     181417
0     0     0     0     0     0     0     177808
0     0     0     0     0     0     0     182763
0     0     0     0     0     0     0     3970346
0     0     0     0     0     0     0     185006
0     0     0     0     0     0     0     181418
0     0     0     0     0     0     0     216415
0     0     0     0     0     0     0     178096
0     0     0     0     0     0     0     177821
0     0     0     0     0     0     0     177549
0     0     0     0     0     0     0     160227
0     0     0     0     0     0     0     152684
0     0     0     0     0     0     0     198137
0     0     0     0     0     0     0     151511
0     0     0     0     0     0     0     201316
0     0     0     0     0     0     0     179821
0     0     0     0     0     0     0     180121
0     0     0     0     0     0     0     3999474
0     0     0     0     0     0     0     180911
0     0     0     0     0     0     0     179525
0     0     0     0     0     0     0     183588
0     0     0     0     0     0     0     180744
0     0     0     0     0     0     0     178183
0     0     0     0     0     0     0     177692
0     0     0     0     0     0     0     176978
0     0     0     0     0     0     0     176804
0     0     0     0     0     0     0     180025
0     0     0     0     0     0     0     177570
0     0     0     0     0     0     0     177064
0     0     0     0     0     0     0     177314
0     0     0     0     0     0     0     176899
0     0     0     0     0     0     0     176737
0     0     0     0     0     0     0     176852
0     0     0     0     0     0     0     177154
0     0     0     0     0     0     0     180853
0     0     0     0     0     0     0     181542
0     0     0     0     0     0     0     179204
0     0     0     0     0     0     0     179163
0     0     0     0     0     0     0     179713
0     0     0     0     0     0     0     179833
0     0     0     0     0     0     0     179537
0     0     0     0     0     0     0     4029606
0     0     0     0     0     0     0     183781
0     0     0     0     0     0     0     184210
0     0     0     0     0     0     0     180305
0     0     0     0     0     0     0     179892
0     0     0     0     0     0     0     179003
0     0     0     0     0     0     0     181721
0     0     0     0     0     0     0     179311
0     0     0     0     0     0     0     179134
0     0     0     0     0     0     0     178900
0     0     0     0     0     0     0     178574
0     0     0     0     0     0     0     178468
0     0     0     0     0     0     0     178356
0     0     0     0     0     0     0     178758
0     0     0     0     0     0     0     178911
0     0     0     0     0     0     0     178932
0     0     0     0     0     0     0     188161
0     0     0     0     0     0     0     619018
0     0     0     0     0     0     0     188567
0     0     0     0     0     0     0     180185

libflush
0     0     0     0     0     0     0     205457
0     0     0     0     0     0     0     169175
0     0     0     0     0     0     0     148123
0     0     0     0     0     0     0     177492
0     0     0     0     0     0     0     199521
0     0     0     0     0     0     0     182473
0     0     0     0     0     0     0     162790
0     0     0     0     0     0     0     180559
0     0     0     0     0     0     0     182901
0     0     0     0     0     0     0     3997452
0     0     0     0     0     0     0     181516
0     0     0     0     0     0     0     182908
0     0     0     0     0     0     0     185683
0     0     0     0     0     0     0     183241
0     0     0     0     0     0     0     179759
0     0     0     0     0     0     0     179104
0     0     0     0     0     0     0     179657
0     0     0     0     0     0     0     178535
0     0     0     0     0     0     0     178804
0     0     0     0     0     0     0     178513
0     0     0     0     0     0     0     178846
0     0     0     0     0     0     0     236270
0     0     0     0     0     0     0     180592
0     0     0     0     0     0     0     179142
0     0     0     0     0     0     0     179198
0     0     0     0     0     0     0     186451
0     0     0     0     0     0     0     179475
0     0     0     0     0     0     0     184297
0     0     0     0     0     0     0     152303
0     0     0     0     0     0     0     189746
0     0     0     0     0     0     0     179652
0     0     0     0     0     0     0     179679
0     0     0     0     0     0     0     181949
0     0     0     0     0     0     0     232014
0     0     0     0     0     0     0     4037990
0     0     0     0     0     0     0     179777
0     0     0     0     0     0     0     179734
0     0     0     0     0     0     0     187892
0     0     0     0     0     0     0     185424
0     0     0     0     0     0     0     182640
0     0     0     0     0     0     0     181340
0     0     0     0     0     0     0     179790
0     0     0     0     0     0     0     191790
0     0     0     0     0     0     0     177811
0     0     0     0     0     0     0     4084529
0     0     0     0     0     0     0     189313
0     0     0     0     0     0     0     193140
0     0     0     0     0     0     0     180824
0     0     0     0     0     0     0     182410
0     0     0     0     0     0     0     180548
0     0     0     0     0     0     0     178990
0     0     0     0     0     0     0     179235
0     0     0     0     0     0     0     178841
0     0     0     0     0     0     0     179309
0     0     0     0     0     0     0     178831
0     0     0     0     0     0     0     208707
0     0     0     0     0     0     0     180519
0     0     0     0     0     0     0     180453
0     0     0     0     0     0     0     181883
0     0     0     0     0     0     0     180216
0     0     0     0     0     0     0     184768
0     0     0     0     0     0     0     177160
0     0     0     0     0     0     0     3449547
0     0     0     0     0     0     0     187739
0     0     0     0     0     0     0     186051
0     0     0     0     0     0     0     186127
0     0     0     0     0     0     0     179893
0     0     0     0     0     0     0     187324
0     0     0     0     0     0     0     184299
0     0     0     0     0     0     0     179777
0     0     0     0     0     0     0     179335
0     0     0     0     0     0     0     179018
0     0     0     0     0     0     0     179405
0     0     0     0     0     0     0     179344
0     0     0     0     0     0     0     179165
0     0     0     0     0     0     0     179320
0     0     0     0     0     0     0     178895
0     0     0     0     0     0     0     178835
0     0     0     0     0     0     0     178953
0     0     0     0     0     0     0     204923
0     0     0     0     0     0     0     180253
0     0     0     0     0     0     0     194099
0     0     0     0     0     0     0     189251
0     0     0     0     0     0     0     202152
0     0     0     0     0     0     0     188001
0     0     0     0     0     0     0     181930
0     0     0     0     0     0     0     183317
0     0     0     0     0     0     0     182055
0     0     0     0     0     0     0     179844
0     0     0     0     0     0     0     179266
0     0     0     0     0     0     0     178787
0     0     0     0     0     0     0     167528
0     0     0     0     0     0     0     174668
0     0     0     0     0     0     0     163205
0     0     0     0     0     0     0     214328
0     0     0     0     0     0     0     3908941
0     0     0     0     0     0     0     232741
0     0     0     0     0     0     0     256656
0     0     0     0     0     0     0     223130
0     0     0     0     0     0     0     212064
0     0     0     0     0     0     0     249856
0     0     0     0     0     0     0     183541
0     0     0     0     0     0     0     180948
0     0     0     0     0     0     0     179206
0     0     0     0     0     0     0     178244
0     0     0     0     0     0     0     178562
0     0     0     0     0     0     0     183038
0     0     0     0     0     0     0     186945
0     0     0     0     0     0     0     179563
0     0     0     0     0     0     0     4026512
0     0     0     0     0     0     0     185201
0     0     0     0     0     0     0     183214
0     0     0     0     0     0     0     185263
0     0     0     0     0     0     0     179480
0     0     0     0     0     0     0     179227
0     0     0     0     0     0     0     179203
0     0     0     0     0     0     0     181419
0     0     0     0     0     0     0     179284
0     0     0     0     0     0     0     179041
0     0     0     0     0     0     0     178534
0     0     0     0     0     0     0     178573
0     0     0     0     0     0     0     178844
0     0     0     0     0     0     0     178400
0     0     0     0     0     0     0     179324
0     0     0     0     0     0     0     183885
0     0     0     0     0     0     0     179759
0     0     0     0     0     0     0     183355
0     0     0     0     0     0     0     180027
0     0     0     0     0     0     0     3980666
0     0     0     0     0     0     0     217323
0     0     0     0     0     0     0     186245
0     0     0     0     0     0     0     180375
0     0     0     0     0     0     0     179927
0     0     0     0     0     0     0     180054
0     0     0     0     0     0     0     179213
0     0     0     0     0     0     0     179459
0     0     0     0     0     0     0     182243
0     0     0     0     0     0     0     180230
0     0     0     0     0     0     0     179378
0     0     0     0     0     0     0     179000
0     0     0     0     0     0     0     179013
0     0     0     0     0     0     0     181709
0     0     0     0     0     0     0     179581
0     0     0     0     0     0     0     179302
0     0     0     0     0     0     0     178791
0     0     0     0     0     0     0     182065
0     0     0     0     0     0     0     182152
0     0     0     0     0     0     0     179974
0     0     0     0     0     0     0     179151
0     0     0     0     0     0     0     183777
0     0     0     0     0     0     0     179154
0     0     0     0     0     0     0     178587
0     0     0     0     0     0     0     178446
0     0     0     0     0     0     0     193339
0     0     0     0     0     0     0     180225
0     0     0     0     0     0     0     4054597
0     0     0     0     0     0     0     184124
0     0     0     0     0     0     0     183238
0     0     0     0     0     0     0     179685
0     0     0     0     0     0     0     179431
0     0     0     0     0     0     0     179260
0     0     0     0     0     0     0     178687
0     0     0     0     0     0     0     178584
0     0     0     0     0     0     0     178382
0     0     0     0     0     0     0     178362
0     0     0     0     0     0     0     178568
0     0     0     0     0     0     0     181485
0     0     0     0     0     0     0     179327
0     0     0     0     0     0     0     178845
0     0     0     0     0     0     0     178766
0     0     0     0     0     0     0     178602
0     0     0     0     0     0     0     189516
0     0     0     0     0     0     0     179268
0     0     0     0     0     0     0     179266
0     0     0     0     0     0     0     188444
0     0     0     0     0     0     0     179171
0     0     0     0     0     0     0     179114
0     0     0     0     0     0     0     178592
0     0     0     0     0     0     0     178464
0     0     0     0     0     0     0     181911
0     0     0     0     0     0     0     188012
0     0     0     0     0     0     0     4035713
0     0     0     0     0     0     0     185383
0     0     0     0     0     0     0     185250
0     0     0     0     0     0     0     180254
0     0     0     0     0     0     0     182527
0     0     0     0     0     0     0     179990
0     0     0     0     0     0     0     179398
0     0     0     0     0     0     0     179489
0     0     0     0     0     0     0     179212
0     0     0     0     0     0     0     179075
0     0     0     0     0     0     0     179248
0     0     0     0     0     0     0     201712
0     0     0     0     0     0     0     185490
0     0     0     0     0     0     0     187277
0     0     0     0     0     0     0     184137
0     0     0     0     0     0     0     183475
0     0     0     0     0     0     0     189920
0     0     0     0     0     0     0     183517
0     0     0     0     0     0     0     183511
0     0     0     0     0     0     0     183623
0     0     0     0     0     0     0     183155
0     0     0     0     0     0     0     191938
0     0     0     0     0     0     0     184215
0     0     0     0     0     0     0     200377
0     0     0     0     0     0     0     203478
0     0     0     0     0     0     0     183864
0     0     0     0     0     0     0     186467
0     0     0     0     0     0     0     184308
0     0     0     0     0     0     0     183333
0     0     0     0     0     0     0     183371
0     0     0     0     0     0     0     183561
0     0     0     0     0     0     0     183459
0     0     0     0     0     0     0     183456
0     0     0     0     0     0     0     4543259
0     0     0     0     0     0     0     3993834
0     0     0     0     0     0     0     194998
0     0     0     0     0     0     0     189368
0     0     0     0     0     0     0     185189
0     0     0     0     0     0     0     183964
0     0     0     0     0     0     0     183753
0     0     0     0     0     0     0     151797
0     0     0     0     0     0     0     152462
0     0     0     0     0     0     0     151528
0     0     0     0     0     0     0     153247
0     0     0     0     0     0     0     2745746
0     0     0     0     0     0     0     154939
0     0     0     0     0     0     0     151557
0     0     0     0     0     0     0     164463
0     0     0     0     0     0     0     4035453
0     0     0     0     0     0     0     194223
0     0     0     0     0     0     0     184772
0     0     0     0     0     0     0     183434
0     0     0     0     0     0     0     183918
0     0     0     0     0     0     0     182876
0     0     0     0     0     0     0     182635
0     0     0     0     0     0     0     182895
0     0     0     0     0     0     0     183091
0     0     0     0     0     0     0     182927
0     0     0     0     0     0     0     184080
0     0     0     0     0     0     0     183072
0     0     0     0     0     0     0     187980
0     0     0     0     0     0     0     182778
0     0     0     0     0     0     0     183029
0     0     0     0     0     0     0     2703020
0     0     0     0     0     0     0     186487
0     0     0     0     0     0     0     186760
0     0     0     0     0     0     0     183910
0     0     0     0     0     0     0     184145
0     0     0     0     0     0     0     183337
0     0     0     0     0     0     0     183477
0     0     0     0     0     0     0     152814
0     0     0     0     0     0     0     152457
0     0     0     0     0     0     0     3993861
0     0     0     0     0     0     0     187510
0     0     0     0     0     0     0     187765
0     0     0     0     0     0     0     184006
0     0     0     0     0     0     0     186649
0     0     0     0     0     0     0     184128
0     0     0     0     0     0     0     183759
0     0     0     0     0     0     0     184004
0     0     0     0     0     0     0     180329
0     0     0     0     0     0     0     183718
0     0     0     0     0     0     0     152770
0     0     0     0     0     0     0     152577
0     0     0     0     0     0     0     331779
0     0     0     0     0     0     0     157532
0     0     0     0     0     0     0     184434
0     0     0     0     0     0     0     188938
0     0     0     0     0     0     0     184103
0     0     0     0     0     0     0     183362
0     0     0     0     0     0     0     187295
0     0     0     0     0     0     0     200983
0     0     0     0     0     0     0     179792
0     0     0     0     0     0     0     180430
0     0     0     0     0     0     0     185987
0     0     0     0     0     0     0     180222
0     0     0     0     0     0     0     180115
0     0     0     0     0     0     0     180282
0     0     0     0     0     0     0     180846
0     0     0     0     0     0     0     179946
0     0     0     0     0     0     0     182686
0     0     0     0     0     0     0     180753
0     0     0     0     0     0     0     180097
0     0     0     0     0     0     0     203656
0     0     0     0     0     0     0     177631
0     0     0     0     0     0     0     177733
0     0     0     0     0     0     0     267900
0     0     0     0     0     0     0     177130
0     0     0     0     0     0     0     177360
0     0     0     0     0     0     0     176265
0     0     0     0     0     0     0     177142
0     0     0     0     0     0     0     250210
0     0     0     0     0     0     0     178439
0     0     0     0     0     0     0     177072
0     0     0     0     0     0     0     176948
0     0     0     0     0     0     0     177072
0     0     0     0     0     0     0     175620
0     0     0     0     0     0     0     177825
0     0     0     0     0     0     0     274155
0     0     0     0     0     0     0     190800
0     0     0     0     0     0     0     177228
0     0     0     0     0     0     0     179345
0     0     0     0     0     0     0     180329
0     0     0     0     0     0     0     177670
0     0     0     0     0     0     0     176178
0     0     0     0     0     0     0     174847
0     0     0     0     0     0     0     236713
0     0     0     0     0     0     0     180414
0     0     0     0     0     0     0     176728
0     0     0     0     0     0     0     175058
0     0     0     0     0     0     0     179022
0     0     0     0     0     0     0     177584
0     0     0     0     0     0     0     178773
0     0     0     0     0     0     0     176684
0     0     0     0     0     0     0     177046
0     0     0     0     0     0     0     175333
0     0     0     0     0     0     0     179877
0     0     0     0     0     0     0     236849
0     0     0     0     0     0     0     183638
0     0     0     0     0     0     0     176405
0     0     0     0     0     0     0     175883
0     0     0     0     0     0     0     179431
0     0     0     0     0     0     0     177131
0     0     0     0     0     0     0     176884
0     0     0     0     0     0     0     178680
0     0     0     0     0     0     0     177339
0     0     0     0     0     0     0     179110
0     0     0     0     0     0     0     178565
0     0     0     0     0     0     0     178995
0     0     0     0     0     0     0     202076
0     0     0     0     0     0     0     177006
0     0     0     0     0     0     0     185398
0     0     0     0     0     0     0     177717
0     0     0     0     0     0     0     177703
0     0     0     0     0     0     0     179818
0     0     0     0     0     0     0     175995
0     0     0     0     0     0     0     176972
0     0     0     0     0     0     0     179931
0     0     0     0     0     0     0     178266
0     0     0     0     0     0     0     176646
0     0     0     0     0     0     0     177330
0     0     0     0     0     0     0     177560
0     0     0     0     0     0     0     176066
0     0     0     0     0     0     0     175970
0     0     0     0     0     0     0     177878
0     0     0     0     0     0     0     177460
0     0     0     0     0     0     0     177029
0     0     0     0     0     0     0     179700
0     0     0     0     0     0     0     175978
0     0     0     0     0     0     0     178269
0     0     0     0     0     0     0     174889
0     0     0     0     0     0     0     174142
0     0     0     0     0     0     0     176070
0     0     0     0     0     0     0     177469
0     0     0     0     0     0     0     177193
0     0     0     0     0     0     0     177197
0     0     0     0     0     0     0     358546
0     0     0     0     0     0     0     176415
0     0     0     0     0     0     0     176086
0     0     0     0     0     0     0     177309
0     0     0     0     0     0     0     177055
0     0     0     0     0     0     0     177683
0     0     0     0     0     0     0     177138
0     0     0     0     0     0     0     174540
0     0     0     0     0     0     0     177241
0     0     0     0     0     0     0     178293
0     0     0     0     0     0     0     176501
0     0     0     0     0     0     0     176093
0     0     0     0     0     0     0     177417
0     0     0     0     0     0     0     239073
0     0     0     0     0     0     0     176633
0     0     0     0     0     0     0     176004
0     0     0     0     0     0     0     172340
0     0     0     0     0     0     0     184355
0     0     0     0     0     0     0     174949
0     0     0     0     0     0     0     177484
0     0     0     0     0     0     0     173013
0     0     0     0     0     0     0     176242
0     0     0     0     0     0     0     170458
0     0     0     0     0     0     0     177069
0     0     0     0     0     0     0     245843
0     0     0     0     0     0     0     170620
0     0     0     0     0     0     0     176593
0     0     0     0     0     0     0     175739
0     0     0     0     0     0     0     176974
0     0     0     0     0     0     0     176562
0     0     0     0     0     0     0     177435
0     0     0     0     0     0     0     175649
0     0     0     0     0     0     0     178536
0     0     0     0     0     0     0     178218
0     0     0     0     0     0     0     176963
0     0     0     0     0     0     0     177721
0     0     0     0     0     0     0     178030
0     0     0     0     0     0     0     6363510
0     0     0     0     0     0     0     187949
0     0     0     0     0     0     0     182573
0     0     0     0     0     0     0     179391
0     0     0     0     0     0     0     179077
0     0     0     0     0     0     0     181103
0     0     0     0     0     0     0     178450
0     0     0     0     0     0     0     178255
0     0     0     0     0     0     0     177798
0     0     0     0     0     0     0     177976
0     0     0     0     0     0     0     178020
0     0     0     0     0     0     0     187466
0     0     0     0     0     0     0     178152
0     0     0     0     0     0     0     178459
0     0     0     0     0     0     0     177984
0     0     0     0     0     0     0     178134
0     0     0     0     0     0     0     180246
0     0     0     0     0     0     0     178329
0     0     0     0     0     0     0     177523
0     0     0     0     0     0     0     178033
0     0     0     0     0     0     0     178126
0     0     0     0     0     0     0     178039
0     0     0     0     0     0     0     177945
0     0     0     0     0     0     0     1042109

libflush
0     0     0     0     0     0     0     1183706
0     0     0     0     0     0     0     183116
0     0     0     0     0     0     0     184214
0     0     0     0     0     0     0     240602
0     0     0     0     0     0     0     182483
0     0     0     0     0     0     0     181168
0     0     0     0     0     0     0     179314
0     0     0     0     0     0     0     1653899
0     0     0     0     0     0     0     217548
0     0     0     0     0     0     0     187989
0     0     0     0     0     0     0     181625
0     0     0     0     0     0     0     178068
0     0     0     0     0     0     0     179573
0     0     0     0     0     0     0     551410
0     0     0     0     0     0     0     184254
0     0     0     0     0     0     0     178473
0     0     0     0     0     0     0     178214
0     0     0     0     0     0     0     298976
0     0     0     0     0     0     0     180226
0     0     0     0     0     0     0     182140
0     0     0     0     0     0     0     3604535
0     0     0     0     0     0     0     182250
0     0     0     0     0     0     0     179811
0     0     0     0     0     0     0     178878
0     0     0     0     0     0     0     216413
0     0     0     0     0     0     0     178289
0     0     0     0     0     0     0     178473
0     0     0     0     0     0     0     151927
0     0     0     0     0     0     0     179226
0     0     0     0     0     0     0     178104
0     0     0     0     0     0     0     177737
0     0     0     0     0     0     0     212222
0     0     0     0     0     0     0     178752
0     0     0     0     0     0     0     185881
0     0     0     0     0     0     0     4058327
0     0     0     0     0     0     0     188390
0     0     0     0     0     0     0     182227
0     0     0     0     0     0     0     212493
0     0     0     0     0     0     0     178996
0     0     0     0     0     0     0     177820
0     0     0     0     0     0     0     177934
0     0     0     0     0     0     0     177974
0     0     0     0     0     0     0     180852
0     0     0     0     0     0     0     178557
0     0     0     0     0     0     0     177805
0     0     0     0     0     0     0     177661
0     0     0     0     0     0     0     177612
0     0     0     0     0     0     0     177476
0     0     0     0     0     0     0     178584
0     0     0     0     0     0     0     177838
0     0     0     0     0     0     0     177981
0     0     0     0     0     0     0     260332
0     0     0     0     0     0     0     182187
0     0     0     0     0     0     0     214950
0     0     0     0     0     0     0     179141
0     0     0     0     0     0     0     176506
0     0     0     0     0     0     0     190741
0     0     0     0     0     0     0     180705
0     0     0     0     0     0     0     181312
0     0     0     0     0     0     0     251153
0     0     0     0     0     0     0     178920
0     0     0     0     0     0     0     186112
0     0     0     0     0     0     0     178448
0     0     0     0     0     0     0     178311
0     0     0     0     0     0     0     177634
0     0     0     0     0     0     0     177731
0     0     0     0     0     0     0     4035002
0     0     0     0     0     0     0     181246
0     0     0     0     0     0     0     180645
0     0     0     0     0     0     0     178785
0     0     0     0     0     0     0     182094
0     0     0     0     0     0     0     178500
0     0     0     0     0     0     0     178136
0     0     0     0     0     0     0     177961
0     0     0     0     0     0     0     177733
0     0     0     0     0     0     0     178111
0     0     0     0     0     0     0     180542
0     0     0     0     0     0     0     178300
0     0     0     0     0     0     0     177808
0     0     0     0     0     0     0     177781
0     0     0     0     0     0     0     177903
0     0     0     0     0     0     0     177798
0     0     0     0     0     0     0     177509
0     0     0     0     0     0     0     285382
0     0     0     0     0     0     0     181272
0     0     0     0     0     0     0     178829
0     0     0     0     0     0     0     157805
0     0     0     0     0     0     0     178371
0     0     0     0     0     0     0     178202
0     0     0     0     0     0     0     177266
0     0     0     0     0     0     0     177299
0     0     0     0     0     0     0     176986
0     0     0     0     0     0     0     1637368
0     0     0     0     0     0     0     179580
0     0     0     0     0     0     0     183549
0     0     0     0     0     0     0     179209
0     0     0     0     0     0     0     181279
0     0     0     0     0     0     0     178623
0     0     0     0     0     0     0     178440
0     0     0     0     0     0     0     178521
0     0     0     0     0     0     0     214648
0     0     0     0     0     0     0     199264
0     0     0     0     0     0     0     178679
0     0     0     0     0     0     0     236619
0     0     0     0     0     0     0     178428
0     0     0     0     0     0     0     4081861
0     0     0     0     0     0     0     191924
0     0     0     0     0     0     0     188743
0     0     0     0     0     0     0     204963
0     0     0     0     0     0     0     4132830
0     0     0     0     0     0     0     183739
0     0     0     0     0     0     0     186034
0     0     0     0     0     0     0     178800
0     0     0     0     0     0     0     178315
0     0     0     0     0     0     0     178403
0     0     0     0     0     0     0     178951
0     0     0     0     0     0     0     183059
0     0     0     0     0     0     0     192019
0     0     0     0     0     0     0     180148
0     0     0     0     0     0     0     177845
0     0     0     0     0     0     0     179686
0     0     0     0     0     0     0     179868
0     0     0     0     0     0     0     177520
0     0     0     0     0     0     0     181748
0     0     0     0     0     0     0     3992024
0     0     0     0     0     0     0     183258
0     0     0     0     0     0     0     179071
0     0     0     0     0     0     0     177765
0     0     0     0     0     0     0     178087
0     0     0     0     0     0     0     177481
0     0     0     0     0     0     0     180954
0     0     0     0     0     0     0     178370
0     0     0     0     0     0     0     177698
0     0     0     0     0     0     0     177475
0     0     0     0     0     0     0     177610
0     0     0     0     0     0     0     177495
0     0     0     0     0     0     0     177488
0     0     0     0     0     0     0     177317
0     0     0     0     0     0     0     178014
0     0     0     0     0     0     0     208936
0     0     0     0     0     0     0     256572
0     0     0     0     0     0     0     246209
0     0     0     0     0     0     0     190099
0     0     0     0     0     0     0     186254
0     0     0     0     0     0     0     2623126
0     0     0     0     0     0     0     197130
0     0     0     0     0     0     0     179528
0     0     0     0     0     0     0     178360
0     0     0     0     0     0     0     178449
0     0     0     0     0     0     0     177825
0     0     0     0     0     0     0     177853
0     0     0     0     0     0     0     177722
0     0     0     0     0     0     0     177859
0     0     0     0     0     0     0     180527
0     0     0     0     0     0     0     178826
0     0     0     0     0     0     0     177554
0     0     0     0     0     0     0     177303
0     0     0     0     0     0     0     175952
0     0     0     0     0     0     0     212163
0     0     0     0     0     0     0     186907
0     0     0     0     0     0     0     4063181
0     0     0     0     0     0     0     179884
0     0     0     0     0     0     0     179284
0     0     0     0     0     0     0     185561
0     0     0     0     0     0     0     179978
0     0     0     0     0     0     0     178449
0     0     0     0     0     0     0     177718
0     0     0     0     0     0     0     177801
0     0     0     0     0     0     0     177534
0     0     0     0     0     0     0     177412
0     0     0     0     0     0     0     180497
0     0     0     0     0     0     0     183128
0     0     0     0     0     0     0     185871
0     0     0     0     0     0     0     183672
0     0     0     0     0     0     0     184789
0     0     0     0     0     0     0     171501
0     0     0     0     0     0     0     152908
0     0     0     0     0     0     0     177703
0     0     0     0     0     0     0     184253
0     0     0     0     0     0     0     179506
0     0     0     0     0     0     0     179192
0     0     0     0     0     0     0     179906
0     0     0     0     0     0     0     178664
0     0     0     0     0     0     0     178588
0     0     0     0     0     0     0     177963
0     0     0     0     0     0     0     178274
0     0     0     0     0     0     0     177346
0     0     0     0     0     0     0     177917
0     0     0     0     0     0     0     177553
0     0     0     0     0     0     0     177516
0     0     0     0     0     0     0     177880
0     0     0     0     0     0     0     177574
0     0     0     0     0     0     0     185717
0     0     0     0     0     0     0     182677
0     0     0     0     0     0     0     182845
0     0     0     0     0     0     0     182936
0     0     0     0     0     0     0     182764
0     0     0     0     0     0     0     185330
0     0     0     0     0     0     0     183040
0     0     0     0     0     0     0     182228
0     0     0     0     0     0     0     182361
0     0     0     0     0     0     0     182530
0     0     0     0     0     0     0     182187
0     0     0     0     0     0     0     266777
0     0     0     0     0     0     0     153527
0     0     0     0     0     0     0     2619901
0     0     0     0     0     0     0     155445
0     0     0     0     0     0     0     150933
0     0     0     0     0     0     0     149571
0     0     0     0     0     0     0     4007346
0     0     0     0     0     0     0     186372
0     0     0     0     0     0     0     189132
0     0     0     0     0     0     0     181041
0     0     0     0     0     0     0     186791
0     0     0     0     0     0     0     182252
0     0     0     0     0     0     0     181845
0     0     0     0     0     0     0     182268
0     0     0     0     0     0     0     182087
0     0     0     0     0     0     0     181985
0     0     0     0     0     0     0     182109
0     0     0     0     0     0     0     181917
0     0     0     0     0     0     0     182292
0     0     0     0     0     0     0     181975
0     0     0     0     0     0     0     181869
0     0     0     0     0     0     0     181859
0     0     0     0     0     0     0     184402
0     0     0     0     0     0     0     247617
0     0     0     0     0     0     0     181594
0     0     0     0     0     0     0     181882
0     0     0     0     0     0     0     182558
0     0     0     0     0     0     0     181697
0     0     0     0     0     0     0     181687
0     0     0     0     0     0     0     181689
0     0     0     0     0     0     0     153558
0     0     0     0     0     0     0     192490
0     0     0     0     0     0     0     185992
0     0     0     0     0     0     0     186378
0     0     0     0     0     0     0     186362
0     0     0     0     0     0     0     186389
0     0     0     0     0     0     0     189308
0     0     0     0     0     0     0     3633252
0     0     0     0     0     0     0     184597
0     0     0     0     0     0     0     182533
0     0     0     0     0     0     0     182345
0     0     0     0     0     0     0     184755
0     0     0     0     0     0     0     182605
0     0     0     0     0     0     0     173817
0     0     0     0     0     0     0     186793
0     0     0     0     0     0     0     186026
0     0     0     0     0     0     0     158543
0     0     0     0     0     0     0     192215
0     0     0     0     0     0     0     4035980
0     0     0     0     0     0     0     187199
0     0     0     0     0     0     0     183321
0     0     0     0     0     0     0     185348
0     0     0     0     0     0     0     182198
0     0     0     0     0     0     0     182835
0     0     0     0     0     0     0     182311
0     0     0     0     0     0     0     181753
0     0     0     0     0     0     0     181803
0     0     0     0     0     0     0     181883
0     0     0     0     0     0     0     181612
0     0     0     0     0     0     0     181788
0     0     0     0     0     0     0     181841
0     0     0     0     0     0     0     181604
0     0     0     0     0     0     0     181606
0     0     0     0     0     0     0     181752
0     0     0     0     0     0     0     182157
0     0     0     0     0     0     0     181724
0     0     0     0     0     0     0     181760
0     0     0     0     0     0     0     185343
0     0     0     0     0     0     0     185516
0     0     0     0     0     0     0     182537
0     0     0     0     0     0     0     182992
0     0     0     0     0     0     0     153956
0     0     0     0     0     0     0     189579
0     0     0     0     0     0     0     188173
0     0     0     0     0     0     0     182815
0     0     0     0     0     0     0     182778
0     0     0     0     0     0     0     250762
0     0     0     0     0     0     0     259220
0     0     0     0     0     0     0     186827
0     0     0     0     0     0     0     248025
0     0     0     0     0     0     0     182183
0     0     0     0     0     0     0     179717
0     0     0     0     0     0     0     185064
0     0     0     0     0     0     0     180035
0     0     0     0     0     0     0     184635
0     0     0     0     0     0     0     226990
0     0     0     0     0     0     0     183391
0     0     0     0     0     0     0     226791
0     0     0     0     0     0     0     222273
0     0     0     0     0     0     0     188645
0     0     0     0     0     0     0     183569
0     0     0     0     0     0     0     186398
0     0     0     0     0     0     0     190835
0     0     0     0     0     0     0     210409
0     0     0     0     0     0     0     232183
0     0     0     0     0     0     0     182075
0     0     0     0     0     0     0     205545
0     0     0     0     0     0     0     180524
0     0     0     0     0     0     0     183948
0     0     0     0     0     0     0     179581
0     0     0     0     0     0     0     177934
0     0     0     0     0     0     0     178530
0     0     0     0     0     0     0     176957
0     0     0     0     0     0     0     178835
0     0     0     0     0     0     0     177159
0     0     0     0     0     0     0     179334
0     0     0     0     0     0     0     173121
0     0     0     0     0     0     0     178900
0     0     0     0     0     0     0     221256
0     0     0     0     0     0     0     185608
0     0     0     0     0     0     0     187189
0     0     0     0     0     0     0     180992
0     0     0     0     0     0     0     186759
0     0     0     0     0     0     0     178257
0     0     0     0     0     0     0     180439
0     0     0     0     0     0     0     177395
0     0     0     0     0     0     0     177724
0     0     0     0     0     0     0     178277
0     0     0     0     0     0     0     175610
0     0     0     0     0     0     0     178019
0     0     0     0     0     0     0     177893
0     0     0     0     0     0     0     178298
0     0     0     0     0     0     0     187212
0     0     0     0     0     0     0     177115
0     0     0     0     0     0     0     173222
0     0     0     0     0     0     0     178126
0     0     0     0     0     0     0     219804
0     0     0     0     0     0     0     184438
0     0     0     0     0     0     0     219180
0     0     0     0     0     0     0     183902
0     0     0     0     0     0     0     181419
0     0     0     0     0     0     0     186374
0     0     0     0     0     0     0     224316
0     0     0     0     0     0     0     184321
0     0     0     0     0     0     0     181845
0     0     0     0     0     0     0     179678
0     0     0     0     0     0     0     180710
0     0     0     0     0     0     0     187714
0     0     0     0     0     0     0     184032
0     0     0     0     0     0     0     206300
0     0     0     0     0     0     0     177426
0     0     0     0     0     0     0     176460
0     0     0     0     0     0     0     179642
0     0     0     0     0     0     0     181733
0     0     0     0     0     0     0     180542
0     0     0     0     0     0     0     182260
0     0     0     0     0     0     0     177777
0     0     0     0     0     0     0     172941
0     0     0     0     0     0     0     180253
0     0     0     0     0     0     0     187458
0     0     0     0     0     0     0     223976
0     0     0     0     0     0     0     228006
0     0     0     0     0     0     0     182518
0     0     0     0     0     0     0     182006
0     0     0     0     0     0     0     233042
0     0     0     0     0     0     0     177933
0     0     0     0     0     0     0     179928
0     0     0     0     0     0     0     177786
0     0     0     0     0     0     0     182732
0     0     0     0     0     0     0     181860
0     0     0     0     0     0     0     177731
0     0     0     0     0     0     0     175739
0     0     0     0     0     0     0     179858
0     0     0     0     0     0     0     178113
0     0     0     0     0     0     0     179044
0     0     0     0     0     0     0     179733
0     0     0     0     0     0     0     178803
0     0     0     0     0     0     0     177504
0     0     0     0     0     0     0     177629
0     0     0     0     0     0     0     177832
0     0     0     0     0     0     0     176420
0     0     0     0     0     0     0     178827
0     0     0     0     0     0     0     177587
0     0     0     0     0     0     0     177998
0     0     0     0     0     0     0     187607
0     0     0     0     0     0     0     183978
0     0     0     0     0     0     0     182446
0     0     0     0     0     0     0     209150
0     0     0     0     0     0     0     180711
0     0     0     0     0     0     0     178376
0     0     0     0     0     0     0     178847
0     0     0     0     0     0     0     181650
0     0     0     0     0     0     0     177741
0     0     0     0     0     0     0     177925
0     0     0     0     0     0     0     177550
0     0     0     0     0     0     0     178740
0     0     0     0     0     0     0     176175
0     0     0     0     0     0     0     226943
0     0     0     0     0     0     0     180184
0     0     0     0     0     0     0     178294
0     0     0     0     0     0     0     178665
0     0     0     0     0     0     0     181595
0     0     0     0     0     0     0     182432
0     0     0     0     0     0     0     190807
0     0     0     0     0     0     0     219572
0     0     0     0     0     0     0     181117
0     0     0     0     0     0     0     180224
0     0     0     0     0     0     0     175751
0     0     0     0     0     0     0     178006
0     0     0     0     0     0     0     178358
0     0     0     0     0     0     0     296696
0     0     0     0     0     0     0     177515
0     0     0     0     0     0     0     180370
0     0     0     0     0     0     0     177251
0     0     0     0     0     0     0     177296
0     0     0     0     0     0     0     6306413
0     0     0     0     0     0     0     2522710
0     0     0     0     0     0     0     249533
0     0     0     0     0     0     0     185378
0     0     0     0     0     0     0     180262
0     0     0     0     0     0     0     179072
0     0     0     0     0     0     0     179003
0     0     0     0     0     0     0     178458
0     0     0     0     0     0     0     178308
0     0     0     0     0     0     0     178214
0     0     0     0     0     0     0     178254
0     0     0     0     0     0     0     178005
0     0     0     0     0     0     0     180833
0     0     0     0     0     0     0     178930
0     0     0     0     0     0     0     181770
0     0     0     0     0     0     0     189303
0     0     0     0     0     0     0     180503
0     0     0     0     0     0     0     196564

libflush
0     0     0     0     0     0     0     179229
0     0     0     0     0     0     0     181261
0     0     0     0     0     0     0     250556
0     0     0     0     0     0     0     227327
0     0     0     0     0     0     0     233493
0     0     0     0     0     0     0     3576667
0     0     0     0     0     0     0     176148
0     0     0     0     0     0     0     177440
0     0     0     0     0     0     0     176151
0     0     0     0     0     0     0     179374
0     0     0     0     0     0     0     182402
0     0     0     0     0     0     0     182198
0     0     0     0     0     0     0     180002
0     0     0     0     0     0     0     2377743
0     0     0     0     0     0     0     211966
0     0     0     0     0     0     0     187381
0     0     0     0     0     0     0     153559
0     0     0     0     0     0     0     187989
0     0     0     0     0     0     0     176251
0     0     0     0     0     0     0     267144
0     0     0     0     0     0     0     3896150
0     0     0     0     0     0     0     190461
0     0     0     0     0     0     0     183501
0     0     0     0     0     0     0     179454
0     0     0     0     0     0     0     179184
0     0     0     0     0     0     0     178331
0     0     0     0     0     0     0     177904
0     0     0     0     0     0     0     180869
0     0     0     0     0     0     0     178755
0     0     0     0     0     0     0     178187
0     0     0     0     0     0     0     177752
0     0     0     0     0     0     0     177796
0     0     0     0     0     0     0     177765
0     0     0     0     0     0     0     177325
0     0     0     0     0     0     0     177702
0     0     0     0     0     0     0     196224
0     0     0     0     0     0     0     173733
0     0     0     0     0     0     0     182370
0     0     0     0     0     0     0     178179
0     0     0     0     0     0     0     181660
0     0     0     0     0     0     0     181969
0     0     0     0     0     0     0     232178
0     0     0     0     0     0     0     3993280
0     0     0     0     0     0     0     185237
0     0     0     0     0     0     0     178509
0     0     0     0     0     0     0     215348
0     0     0     0     0     0     0     178487
0     0     0     0     0     0     0     178228
0     0     0     0     0     0     0     177903
0     0     0     0     0     0     0     178107
0     0     0     0     0     0     0     177736
0     0     0     0     0     0     0     177748
0     0     0     0     0     0     0     180758
0     0     0     0     0     0     0     178790
0     0     0     0     0     0     0     177726
0     0     0     0     0     0     0     177671
0     0     0     0     0     0     0     199097
0     0     0     0     0     0     0     180472
0     0     0     0     0     0     0     174156
0     0     0     0     0     0     0     180432
0     0     0     0     0     0     0     178785
0     0     0     0     0     0     0     177905
0     0     0     0     0     0     0     202671
0     0     0     0     0     0     0     178383
0     0     0     0     0     0     0     178148
0     0     0     0     0     0     0     177431
0     0     0     0     0     0     0     177703
0     0     0     0     0     0     0     1810914
0     0     0     0     0     0     0     176773
0     0     0     0     0     0     0     1529325
0     0     0     0     0     0     0     2665319
0     0     0     0     0     0     0     180880
0     0     0     0     0     0     0     179482
0     0     0     0     0     0     0     178877
0     0     0     0     0     0     0     182259
0     0     0     0     0     0     0     178458
0     0     0     0     0     0     0     179055
0     0     0     0     0     0     0     178536
0     0     0     0     0     0     0     176124
0     0     0     0     0     0     0     186748
0     0     0     0     0     0     0     178173
0     0     0     0     0     0     0     187774
0     0     0     0     0     0     0     186880
0     0     0     0     0     0     0     179541
0     0     0     0     0     0     0     180307
0     0     0     0     0     0     0     188015
0     0     0     0     0     0     0     249903
0     0     0     0     0     0     0     174160
0     0     0     0     0     0     0     167595
0     0     0     0     0     0     0     152516
0     0     0     0     0     0     0     172199
0     0     0     0     0     0     0     177646
0     0     0     0     0     0     0     180386
0     0     0     0     0     0     0     201976
0     0     0     0     0     0     0     178718
0     0     0     0     0     0     0     177706
0     0     0     0     0     0     0     182922
0     0     0     0     0     0     0     170976
0     0     0     0     0     0     0     4007611
0     0     0     0     0     0     0     183523
0     0     0     0     0     0     0     178739
0     0     0     0     0     0     0     178869
0     0     0     0     0     0     0     178808
0     0     0     0     0     0     0     178172
0     0     0     0     0     0     0     134554
0     0     0     0     0     0     0     2822837
0     0     0     0     0     0     0     192180
0     0     0     0     0     0     0     182403
0     0     0     0     0     0     0     179383
0     0     0     0     0     0     0     184525
0     0     0     0     0     0     0     181857
0     0     0     0     0     0     0     184554
0     0     0     0     0     0     0     181488
0     0     0     0     0     0     0     178714
0     0     0     0     0     0     0     178721
0     0     0     0     0     0     0     180991
0     0     0     0     0     0     0     178874
0     0     0     0     0     0     0     178129
0     0     0     0     0     0     0     180115
0     0     0     0     0     0     0     190782
0     0     0     0     0     0     0     183541
0     0     0     0     0     0     0     178472
0     0     0     0     0     0     0     4037389
0     0     0     0     0     0     0     337313
0     0     0     0     0     0     0     186726
0     0     0     0     0     0     0     182847
0     0     0     0     0     0     0     181520
0     0     0     0     0     0     0     181468
0     0     0     0     0     0     0     182254
0     0     0     0     0     0     0     181606
0     0     0     0     0     0     0     216775
0     0     0     0     0     0     0     185594
0     0     0     0     0     0     0     180803
0     0     0     0     0     0     0     178987
0     0     0     0     0     0     0     181007
0     0     0     0     0     0     0     183982
0     0     0     0     0     0     0     178147
0     0     0     0     0     0     0     178038
0     0     0     0     0     0     0     1825562
0     0     0     0     0     0     0     180166
0     0     0     0     0     0     0     178828
0     0     0     0     0     0     0     178419
0     0     0     0     0     0     0     182711
0     0     0     0     0     0     0     178434
0     0     0     0     0     0     0     178045
0     0     0     0     0     0     0     178089
0     0     0     0     0     0     0     181977
0     0     0     0     0     0     0     181900
0     0     0     0     0     0     0     4043415
0     0     0     0     0     0     0     189406
0     0     0     0     0     0     0     188078
0     0     0     0     0     0     0     179704
0     0     0     0     0     0     0     178362
0     0     0     0     0     0     0     178204
0     0     0     0     0     0     0     180973
0     0     0     0     0     0     0     178640
0     0     0     0     0     0     0     178304
0     0     0     0     0     0     0     177843
0     0     0     0     0     0     0     177601
0     0     0     0     0     0     0     177444
0     0     0     0     0     0     0     177971
0     0     0     0     0     0     0     162795
0     0     0     0     0     0     0     187564
0     0     0     0     0     0     0     185358
0     0     0     0     0     0     0     1768642
0     0     0     0     0     0     0     2322919
0     0     0     0     0     0     0     184431
0     0     0     0     0     0     0     150875
0     0     0     0     0     0     0     192463
0     0     0     0     0     0     0     2314854
0     0     0     0     0     0     0     148880
0     0     0     0     0     0     0     153549
0     0     0     0     0     0     0     1695457
0     0     0     0     0     0     0     189700
0     0     0     0     0     0     0     187740
0     0     0     0     0     0     0     187414
0     0     0     0     0     0     0     185727
0     0     0     0     0     0     0     157187
0     0     0     0     0     0     0     158330
0     0     0     0     0     0     0     154394
0     0     0     0     0     0     0     4542208
0     0     0     0     0     0     0     3972245
0     0     0     0     0     0     0     190770
0     0     0     0     0     0     0     182338
0     0     0     0     0     0     0     147683
0     0     0     0     0     0     0     156242
0     0     0     0     0     0     0     4039829
0     0     0     0     0     0     0     193489
0     0     0     0     0     0     0     258569
0     0     0     0     0     0     0     243665
0     0     0     0     0     0     0     188914
0     0     0     0     0     0     0     188010
0     0     0     0     0     0     0     225371
0     0     0     0     0     0     0     190403
0     0     0     0     0     0     0     183715
0     0     0     0     0     0     0     165367
0     0     0     0     0     0     0     183546
0     0     0     0     0     0     0     150747
0     0     0     0     0     0     0     181459
0     0     0     0     0     0     0     154895
0     0     0     0     0     0     0     150943
0     0     0     0     0     0     0     181142
0     0     0     0     0     0     0     150091
0     0     0     0     0     0     0     188535
0     0     0     0     0     0     0     184924
0     0     0     0     0     0     0     182814
0     0     0     0     0     0     0     182837
0     0     0     0     0     0     0     182731
0     0     0     0     0     0     0     187635
0     0     0     0     0     0     0     182325
0     0     0     0     0     0     0     181949
0     0     0     0     0     0     0     182222
0     0     0     0     0     0     0     181931
0     0     0     0     0     0     0     195534
0     0     0     0     0     0     0     187549
0     0     0     0     0     0     0     214404
0     0     0     0     0     0     0     193027
0     0     0     0     0     0     0     186735
0     0     0     0     0     0     0     185733
0     0     0     0     0     0     0     182854
0     0     0     0     0     0     0     246622
0     0     0     0     0     0     0     185246
0     0     0     0     0     0     0     184681
0     0     0     0     0     0     0     179923
0     0     0     0     0     0     0     179709
0     0     0     0     0     0     0     192129
0     0     0     0     0     0     0     184848
0     0     0     0     0     0     0     181320
0     0     0     0     0     0     0     182197
0     0     0     0     0     0     0     189733
0     0     0     0     0     0     0     190243
0     0     0     0     0     0     0     231109
0     0     0     0     0     0     0     181528
0     0     0     0     0     0     0     182206
0     0     0     0     0     0     0     179375
0     0     0     0     0     0     0     180556
0     0     0     0     0     0     0     173321
0     0     0     0     0     0     0     177115
0     0     0     0     0     0     0     180095
0     0     0     0     0     0     0     179919
0     0     0     0     0     0     0     180309
0     0     0     0     0     0     0     185878
0     0     0     0     0     0     0     179975
0     0     0     0     0     0     0     180705
0     0     0     0     0     0     0     179504
0     0     0     0     0     0     0     181505
0     0     0     0     0     0     0     180335
0     0     0     0     0     0     0     182352
0     0     0     0     0     0     0     182899
0     0     0     0     0     0     0     179690
0     0     0     0     0     0     0     173296
0     0     0     0     0     0     0     177486
0     0     0     0     0     0     0     177808
0     0     0     0     0     0     0     202692
0     0     0     0     0     0     0     176585
0     0     0     0     0     0     0     174498
0     0     0     0     0     0     0     206538
0     0     0     0     0     0     0     188921
0     0     0     0     0     0     0     171255
0     0     0     0     0     0     0     207632
0     0     0     0     0     0     0     177679
0     0     0     0     0     0     0     179187
0     0     0     0     0     0     0     187078
0     0     0     0     0     0     0     182627
0     0     0     0     0     0     0     180014
0     0     0     0     0     0     0     261056
0     0     0     0     0     0     0     175976
0     0     0     0     0     0     0     172879
0     0     0     0     0     0     0     175712
0     0     0     0     0     0     0     176310
0     0     0     0     0     0     0     177026
0     0     0     0     0     0     0     173092
0     0     0     0     0     0     0     177987
0     0     0     0     0     0     0     177230
0     0     0     0     0     0     0     181525
0     0     0     0     0     0     0     179695
0     0     0     0     0     0     0     179848
0     0     0     0     0     0     0     180454

PMU monitor is closing ....

bitcount small

sha small

bitcount small

sha small

bitcount small

bitcount small

basicmath_small

basicmath_small

bitcount small

libflush

basicmath_small

libflush

basicmath_small

basicmath_small

libflush

sha small

end
