Performance monitor results
i cache refills---|---retired branches---|---d cahce refills---|---branch predictor misses---|---predictable branch speculatively executed---|---CPU cycles event counter---|---CPU cycles ccnt0   0   0   0   0   0   0   3453144
0   0   0   0   0   0   0   3941306
0   0   0   0   0   0   0   4105011
0   0   0   0   0   0   0   4198047
0   0   0   0   0   0   0   5101916
0   0   0   0   0   0   0   5235976
0   0   0   0   0   0   0   5375736
0   0   0   0   0   0   0   5513881
0   0   0   0   0   0   0   5648708
0   0   0   0   0   0   0   5818693
0   0   0   0   0   0   0   5975128
0   0   0   0   0   0   0   6085035
0   0   0   0   0   0   0   6224020
0   0   0   0   0   0   0   6364974
0   0   0   0   0   0   0   6586241
0   0   0   0   0   0   0   6720407
0   0   0   0   0   0   0   6857012
0   0   0   0   0   0   0   7000355
0   0   0   0   0   0   0   7133194
0   0   0   0   0   0   0   7583694
0   0   0   0   0   0   0   7747495
0   0   0   0   0   0   0   7866745
0   0   0   0   0   0   0   8002397
0   0   0   0   0   0   0   8134419
0   0   0   0   0   0   0   8321631
0   0   0   0   0   0   0   8579189
0   0   0   0   0   0   0   8715889
0   0   0   0   0   0   0   8871633
0   0   0   0   0   0   0   9006593
0   0   0   0   0   0   0   9168326
0   0   0   0   0   0   0   9309697
0   0   0   0   0   0   0   9442699
0   0   0   0   0   0   0   9597288
0   0   0   0   0   0   0   10375323
0   0   0   0   0   0   0   10540512
0   0   0   0   0   0   0   10690262
0   0   0   0   0   0   0   10842422
0   0   0   0   0   0   0   10941755
0   0   0   0   0   0   0   11079703
0   0   0   0   0   0   0   11635316
0   0   0   0   0   0   0   11803906
0   0   0   0   0   0   0   12555923
0   0   0   0   0   0   0   12727827
0   0   0   0   0   0   0   12861342
0   0   0   0   0   0   0   13002276
0   0   0   0   0   0   0   13167640
0   0   0   0   0   0   0   13323426
0   0   0   0   0   0   0   13423683
0   0   0   0   0   0   0   13577056
0   0   0   0   0   0   0   13689260
0   0   0   0   0   0   0   13815845
0   0   0   0   0   0   0   13953027
0   0   0   0   0   0   0   14093598
0   0   0   0   0   0   0   14282187
0   0   0   0   0   0   0   14978019
0   0   0   0   0   0   0   15140908
0   0   0   0   0   0   0   15298595
0   0   0   0   0   0   0   15437387
0   0   0   0   0   0   0   15580871
0   0   0   0   0   0   0   15725406
0   0   0   0   0   0   0   15861984
0   0   0   0   0   0   0   16004076
0   0   0   0   0   0   0   16185208
0   0   0   0   0   0   0   16322228
0   0   0   0   0   0   0   16467465
0   0   0   0   0   0   0   16831310
0   0   0   0   0   0   0   16978080
0   0   0   0   0   0   0   17114628
0   0   0   0   0   0   0   17280078
0   0   0   0   0   0   0   17420545
0   0   0   0   0   0   0   17576342
0   0   0   0   0   0   0   17711635
0   0   0   0   0   0   0   17856378
0   0   0   0   0   0   0   18013385
0   0   0   0   0   0   0   18227472
0   0   0   0   0   0   0   18399204
0   0   0   0   0   0   0   18683487
0   0   0   0   0   0   0   18827707
0   0   0   0   0   0   0   19013851
0   0   0   0   0   0   0   19182021
0   0   0   0   0   0   0   19293888
0   0   0   0   0   0   0   19518276
0   0   0   0   0   0   0   19657568
0   0   0   0   0   0   0   19829801
0   0   0   0   0   0   0   19971250
0   0   0   0   0   0   0   20095461
0   0   0   0   0   0   0   20300690
0   0   0   0   0   0   0   20496238
0   0   0   0   0   0   0   20723805
0   0   0   0   0   0   0   20910015
0   0   0   0   0   0   0   21078317
0   0   0   0   0   0   0   21239624
0   0   0   0   0   0   0   21359719
0   0   0   0   0   0   0   21504060
0   0   0   0   0   0   0   21659135
0   0   0   0   0   0   0   21797520
0   0   0   0   0   0   0   23592440
0   0   0   0   0   0   0   23740891
0   0   0   0   0   0   0   23867228
0   0   0   0   0   0   0   23994732
0   0   0   0   0   0   0   24196344
0   0   0   0   0   0   0   24326535
0   0   0   0   0   0   0   24482863
0   0   0   0   0   0   0   24608223
0   0   0   0   0   0   0   24728019
0   0   0   0   0   0   0   25128122
0   0   0   0   0   0   0   25593414
0   0   0   0   0   0   0   25747095
0   0   0   0   0   0   0   25889532
0   0   0   0   0   0   0   26047865
0   0   0   0   0   0   0   26167565
0   0   0   0   0   0   0   26294518
0   0   0   0   0   0   0   26443740
0   0   0   0   0   0   0   28892488
0   0   0   0   0   0   0   29011389
0   0   0   0   0   0   0   29147500
0   0   0   0   0   0   0   29284597
0   0   0   0   0   0   0   31384250
0   0   0   0   0   0   0   31517821
0   0   0   0   0   0   0   31663905
0   0   0   0   0   0   0   31775818
0   0   0   0   0   0   0   31919383
0   0   0   0   0   0   0   32066740
0   0   0   0   0   0   0   32295573
0   0   0   0   0   0   0   32470790
0   0   0   0   0   0   0   32650870
0   0   0   0   0   0   0   32866188
0   0   0   0   0   0   0   33175866
0   0   0   0   0   0   0   33325381
0   0   0   0   0   0   0   33543663
0   0   0   0   0   0   0   36375357
0   0   0   0   0   0   0   37494409
0   0   0   0   0   0   0   37654141
0   0   0   0   0   0   0   37787102
0   0   0   0   0   0   0   37937829
0   0   0   0   0   0   0   38090582
0   0   0   0   0   0   0   38218758
0   0   0   0   0   0   0   38371714
0   0   0   0   0   0   0   38531091
0   0   0   0   0   0   0   38681950
0   0   0   0   0   0   0   39236835
0   0   0   0   0   0   0   39375134
0   0   0   0   0   0   0   39530349
0   0   0   0   0   0   0   39668092
0   0   0   0   0   0   0   39813446
0   0   0   0   0   0   0   40934784
0   0   0   0   0   0   0   41057121
0   0   0   0   0   0   0   41226702
0   0   0   0   0   0   0   41370799
0   0   0   0   0   0   0   41520721
0   0   0   0   0   0   0   41660125
0   0   0   0   0   0   0   41789420
0   0   0   0   0   0   0   41925128
0   0   0   0   0   0   0   42076032
0   0   0   0   0   0   0   42578447
0   0   0   0   0   0   0   42736777
0   0   0   0   0   0   0   42867129
0   0   0   0   0   0   0   43015605
0   0   0   0   0   0   0   43180011
0   0   0   0   0   0   0   43203891
0   0   0   0   0   0   0   44069353
0   0   0   0   0   0   0   44215397
0   0   0   0   0   0   0   44358537
0   0   0   0   0   0   0   45808575
0   0   0   0   0   0   0   45945257
0   0   0   0   0   0   0   46100800
0   0   0   0   0   0   0   46238047
0   0   0   0   0   0   0   46367592
0   0   0   0   0   0   0   46519296
0   0   0   0   0   0   0   46654286
0   0   0   0   0   0   0   46809286
0   0   0   0   0   0   0   46963556
0   0   0   0   0   0   0   47100736
0   0   0   0   0   0   0   47242742
0   0   0   0   0   0   0   47458929
0   0   0   0   0   0   0   47602141
0   0   0   0   0   0   0   48947615
0   0   0   0   0   0   0   50465101
0   0   0   0   0   0   0   50603394
0   0   0   0   0   0   0   50718018
0   0   0   0   0   0   0   50899671
0   0   0   0   0   0   0   51039035
0   0   0   0   0   0   0   51169051
0   0   0   0   0   0   0   51307434
0   0   0   0   0   0   0   51448456
0   0   0   0   0   0   0   51581760
0   0   0   0   0   0   0   54650360
0   0   0   0   0   0   0   56371242
0   0   0   0   0   0   0   56539596
0   0   0   0   0   0   0   56658914
0   0   0   0   0   0   0   56801676
0   0   0   0   0   0   0   56945398
0   0   0   0   0   0   0   57078213
0   0   0   0   0   0   0   57225418
0   0   0   0   0   0   0   57360962
0   0   0   0   0   0   0   57502766
0   0   0   0   0   0   0   57643546
0   0   0   0   0   0   0   57779954
0   0   0   0   0   0   0   57926177
0   0   0   0   0   0   0   58064899
0   0   0   0   0   0   0   58195127
0   0   0   0   0   0   0   58330126
0   0   0   0   0   0   0   58475933
0   0   0   0   0   0   0   58600004
0   0   0   0   0   0   0   58735228
0   0   0   0   0   0   0   58874576
0   0   0   0   0   0   0   63661099
0   0   0   0   0   0   0   63801977
0   0   0   0   0   0   0   63939419
0   0   0   0   0   0   0   64121905
0   0   0   0   0   0   0   64262779
0   0   0   0   0   0   0   64407175
0   0   0   0   0   0   0   67931037
0   0   0   0   0   0   0   68079281
0   0   0   0   0   0   0   68210024
0   0   0   0   0   0   0   68347139
0   0   0   0   0   0   0   68530971
0   0   0   0   0   0   0   68948066
0   0   0   0   0   0   0   69127631
0   0   0   0   0   0   0   69256738
0   0   0   0   0   0   0   69411034
0   0   0   0   0   0   0   69571451
0   0   0   0   0   0   0   69759931
0   0   0   0   0   0   0   70040559
0   0   0   0   0   0   0   70250268
0   0   0   0   0   0   0   70425776
0   0   0   0   0   0   0   70589522
0   0   0   0   0   0   0   70752434
0   0   0   0   0   0   0   70907955
0   0   0   0   0   0   0   71156496
0   0   0   0   0   0   0   71476396
0   0   0   0   0   0   0   74295848
0   0   0   0   0   0   0   77177415
0   0   0   0   0   0   0   77310455
0   0   0   0   0   0   0   77456892
0   0   0   0   0   0   0   77600215
0   0   0   0   0   0   0   77737133
0   0   0   0   0   0   0   77881015
0   0   0   0   0   0   0   78010149
0   0   0   0   0   0   0   78133588
0   0   0   0   0   0   0   78279025
0   0   0   0   0   0   0   78410799
0   0   0   0   0   0   0   78558288
0   0   0   0   0   0   0   78685796
0   0   0   0   0   0   0   78824354
0   0   0   0   0   0   0   78954749
0   0   0   0   0   0   0   79093025
0   0   0   0   0   0   0   79230479
0   0   0   0   0   0   0   79365953
0   0   0   0   0   0   0   79503022
0   0   0   0   0   0   0   79639859
0   0   0   0   0   0   0   79792309
0   0   0   0   0   0   0   79918405
0   0   0   0   0   0   0   80802194
0   0   0   0   0   0   0   80958376
0   0   0   0   0   0   0   82268300
0   0   0   0   0   0   0   82427596
0   0   0   0   0   0   0   82553407
0   0   0   0   0   0   0   83748008
0   0   0   0   0   0   0   83893208
0   0   0   0   0   0   0   84005980
0   0   0   0   0   0   0   84159865
0   0   0   0   0   0   0   85584337
0   0   0   0   0   0   0   85709742
0   0   0   0   0   0   0   85866526
0   0   0   0   0   0   0   85997092
0   0   0   0   0   0   0   86141680
0   0   0   0   0   0   0   86265246
0   0   0   0   0   0   0   86402922
0   0   0   0   0   0   0   87345643
0   0   0   0   0   0   0   87483464
0   0   0   0   0   0   0   91521467
0   0   0   0   0   0   0   91723025
0   0   0   0   0   0   0   91859648
0   0   0   0   0   0   0   93775229
0   0   0   0   0   0   0   93959993
0   0   0   0   0   0   0   94124295
0   0   0   0   0   0   0   94248020
0   0   0   0   0   0   0   94385968
0   0   0   0   0   0   0   94499624
0   0   0   0   0   0   0   94655226
0   0   0   0   0   0   0   94802967
0   0   0   0   0   0   0   94938489
0   0   0   0   0   0   0   95043881
0   0   0   0   0   0   0   95178451
0   0   0   0   0   0   0   95302820
0   0   0   0   0   0   0   95453546
0   0   0   0   0   0   0   95588873
0   0   0   0   0   0   0   95724653
0   0   0   0   0   0   0   95946235
0   0   0   0   0   0   0   97125107
0   0   0   0   0   0   0   97268969
0   0   0   0   0   0   0   97414153
0   0   0   0   0   0   0   99317097
0   0   0   0   0   0   0   99454576
0   0   0   0   0   0   0   99585378
0   0   0   0   0   0   0   99722018
0   0   0   0   0   0   0   99867656
0   0   0   0   0   0   0   101258070
0   0   0   0   0   0   0   101400522
0   0   0   0   0   0   0   101560066
0   0   0   0   0   0   0   101698018
0   0   0   0   0   0   0   101838813
0   0   0   0   0   0   0   101977359
0   0   0   0   0   0   0   102119356
0   0   0   0   0   0   0   103071656
0   0   0   0   0   0   0   103169542
0   0   0   0   0   0   0   105265514
0   0   0   0   0   0   0   105407587
0   0   0   0   0   0   0   105552708
0   0   0   0   0   0   0   105698385
0   0   0   0   0   0   0   105835180
0   0   0   0   0   0   0   105958482
0   0   0   0   0   0   0   106101852
0   0   0   0   0   0   0   106241636
0   0   0   0   0   0   0   106378282
0   0   0   0   0   0   0   106516228
0   0   0   0   0   0   0   106649426
0   0   0   0   0   0   0   106816285
0   0   0   0   0   0   0   106997946
0   0   0   0   0   0   0   107126943
0   0   0   0   0   0   0   107262291
0   0   0   0   0   0   0   107373031
0   0   0   0   0   0   0   107504769
0   0   0   0   0   0   0   107640653
0   0   0   0   0   0   0   107783455
0   0   0   0   0   0   0   107960710
0   0   0   0   0   0   0   108383456
0   0   0   0   0   0   0   109602818
0   0   0   0   0   0   0   109706842
0   0   0   0   0   0   0   109850130
0   0   0   0   0   0   0   109983534
0   0   0   0   0   0   0   110113557
0   0   0   0   0   0   0   110261406
0   0   0   0   0   0   0   110404969
0   0   0   0   0   0   0   110584271
0   0   0   0   0   0   0   110714999
0   0   0   0   0   0   0   110849704
0   0   0   0   0   0   0   110991331
0   0   0   0   0   0   0   111124880
0   0   0   0   0   0   0   111256434
0   0   0   0   0   0   0   111419239
0   0   0   0   0   0   0   114024157
0   0   0   0   0   0   0   114166728
0   0   0   0   0   0   0   114260475
0   0   0   0   0   0   0   114358196
0   0   0   0   0   0   0   114492988
0   0   0   0   0   0   0   114635067
0   0   0   0   0   0   0   114772041
0   0   0   0   0   0   0   114900823
0   0   0   0   0   0   0   115047450
0   0   0   0   0   0   0   115182107
0   0   0   0   0   0   0   115304104
0   0   0   0   0   0   0   115450780
0   0   0   0   0   0   0   115580987
0   0   0   0   0   0   0   115757687
0   0   0   0   0   0   0   115890857
0   0   0   0   0   0   0   116031091
0   0   0   0   0   0   0   116159559
0   0   0   0   0   0   0   116292346
0   0   0   0   0   0   0   116452555
0   0   0   0   0   0   0   116579431
0   0   0   0   0   0   0   116711434
0   0   0   0   0   0   0   116863171
0   0   0   0   0   0   0   119572430
0   0   0   0   0   0   0   119721703
0   0   0   0   0   0   0   119851915
0   0   0   0   0   0   0   119983368
0   0   0   0   0   0   0   120125743
0   0   0   0   0   0   0   120263219
0   0   0   0   0   0   0   120394874
0   0   0   0   0   0   0   120527512
0   0   0   0   0   0   0   120663570
0   0   0   0   0   0   0   120813634
0   0   0   0   0   0   0   120954620
0   0   0   0   0   0   0   121075248
0   0   0   0   0   0   0   121225285
0   0   0   0   0   0   0   121376850
0   0   0   0   0   0   0   121471952
0   0   0   0   0   0   0   121588636
0   0   0   0   0   0   0   121756605
0   0   0   0   0   0   0   121920508
0   0   0   0   0   0   0   122067840
0   0   0   0   0   0   0   122269695
0   0   0   0   0   0   0   122415363
0   0   0   0   0   0   0   124150242
0   0   0   0   0   0   0   124853973
0   0   0   0   0   0   0   124956870
0   0   0   0   0   0   0   125069589
0   0   0   0   0   0   0   125198926
0   0   0   0   0   0   0   125334147
0   0   0   0   0   0   0   125466248
0   0   0   0   0   0   0   125611316
0   0   0   0   0   0   0   125740554
0   0   0   0   0   0   0   125884574
0   0   0   0   0   0   0   126018915
0   0   0   0   0   0   0   126143585
0   0   0   0   0   0   0   126357723
0   0   0   0   0   0   0   126483366
0   0   0   0   0   0   0   126650919
0   0   0   0   0   0   0   126773224
0   0   0   0   0   0   0   127667037
0   0   0   0   0   0   0   127815865
0   0   0   0   0   0   0   127954416
0   0   0   0   0   0   0   128082332
0   0   0   0   0   0   0   128215545
0   0   0   0   0   0   0   128342531
0   0   0   0   0   0   0   128478815
0   0   0   0   0   0   0   128619987
0   0   0   0   0   0   0   128750992
0   0   0   0   0   0   0   128899145
0   0   0   0   0   0   0   129025706
0   0   0   0   0   0   0   129166475
0   0   0   0   0   0   0   129301292
0   0   0   0   0   0   0   129430597
0   0   0   0   0   0   0   129569125
0   0   0   0   0   0   0   129709345
0   0   0   0   0   0   0   129836527
0   0   0   0   0   0   0   129971052
0   0   0   0   0   0   0   130114669
0   0   0   0   0   0   0   130238385
0   0   0   0   0   0   0   130376812
0   0   0   0   0   0   0   130510862
0   0   0   0   0   0   0   130648480
0   0   0   0   0   0   0   130796237
0   0   0   0   0   0   0   130941809
0   0   0   0   0   0   0   131521672
0   0   0   0   0   0   0   131647405
0   0   0   0   0   0   0   131814911
0   0   0   0   0   0   0   131992946
0   0   0   0   0   0   0   132224918
0   0   0   0   0   0   0   133656266
0   0   0   0   0   0   0   133780052
0   0   0   0   0   0   0   133925660
0   0   0   0   0   0   0   134082462
0   0   0   0   0   0   0   134316950
0   0   0   0   0   0   0   134513735
0   0   0   0   0   0   0   134637989
0   0   0   0   0   0   0   134761657
0   0   0   0   0   0   0   134873189
0   0   0   0   0   0   0   135011461
0   0   0   0   0   0   0   135133475
0   0   0   0   0   0   0   135328388
0   0   0   0   0   0   0   135458488
0   0   0   0   0   0   0   135603753
0   0   0   0   0   0   0   135727381
0   0   0   0   0   0   0   135825533
0   0   0   0   0   0   0   135972695
0   0   0   0   0   0   0   136098318
0   0   0   0   0   0   0   136234108
0   0   0   0   0   0   0   136382898
0   0   0   0   0   0   0   136508403
0   0   0   0   0   0   0   136646387
0   0   0   0   0   0   0   137093503
0   0   0   0   0   0   0   137236704
0   0   0   0   0   0   0   137393912
0   0   0   0   0   0   0   137584250
0   0   0   0   0   0   0   137718277
0   0   0   0   0   0   0   137906220
0   0   0   0   0   0   0   138034925
0   0   0   0   0   0   0   138183946
0   0   0   0   0   0   0   138321278
0   0   0   0   0   0   0   138461308
0   0   0   0   0   0   0   138609077
0   0   0   0   0   0   0   138739281
0   0   0   0   0   0   0   138873992
0   0   0   0   0   0   0   139021221
0   0   0   0   0   0   0   139160129
0   0   0   0   0   0   0   139293134
0   0   0   0   0   0   0   139423998
0   0   0   0   0   0   0   139549609
0   0   0   0   0   0   0   139716868
0   0   0   0   0   0   0   139857038
0   0   0   0   0   0   0   139984283
0   0   0   0   0   0   0   140127901
0   0   0   0   0   0   0   140261422
0   0   0   0   0   0   0   140396214
0   0   0   0   0   0   0   140532692
0   0   0   0   0   0   0   140878420
0   0   0   0   0   0   0   141051419
0   0   0   0   0   0   0   141213109
0   0   0   0   0   0   0   141368082
0   0   0   0   0   0   0   141570973
0   0   0   0   0   0   0   141763858
0   0   0   0   0   0   0   141920921
0   0   0   0   0   0   0   142046508
0   0   0   0   0   0   0   142178602
0   0   0   0   0   0   0   142323696
0   0   0   0   0   0   0   142459876
0   0   0   0   0   0   0   142592541
0   0   0   0   0   0   0   142706349
0   0   0   0   0   0   0   143281722
0   0   0   0   0   0   0   143413873
0   0   0   0   0   0   0   143564002
0   0   0   0   0   0   0   143702558
0   0   0   0   0   0   0   143843254
0   0   0   0   0   0   0   143991862
0   0   0   0   0   0   0   144125577
0   0   0   0   0   0   0   144284022
0   0   0   0   0   0   0   144424137
0   0   0   0   0   0   0   144566964
0   0   0   0   0   0   0   144708270
0   0   0   0   0   0   0   144842483
0   0   0   0   0   0   0   144973744
0   0   0   0   0   0   0   145143080
0   0   0   0   0   0   0   147280247
0   0   0   0   0   0   0   147375673
0   0   0   0   0   0   0   147504272
0   0   0   0   0   0   0   147647930
0   0   0   0   0   0   0   147787322
0   0   0   0   0   0   0   147920534
0   0   0   0   0   0   0   148067764
0   0   0   0   0   0   0   148204958
0   0   0   0   0   0   0   148338542
0   0   0   0   0   0   0   148482323
0   0   0   0   0   0   0   148635682
0   0   0   0   0   0   0   148769261
0   0   0   0   0   0   0   148915749
0   0   0   0   0   0   0   149097654
0   0   0   0   0   0   0   149243135
0   0   0   0   0   0   0   149373557
0   0   0   0   0   0   0   149480381
0   0   0   0   0   0   0   150561329
0   0   0   0   0   0   0   150684074
0   0   0   0   0   0   0   150830285
0   0   0   0   0   0   0   150963393
0   0   0   0   0   0   0   151111769
0   0   0   0   0   0   0   151255339
0   0   0   0   0   0   0   151394494
0   0   0   0   0   0   0   151537881
0   0   0   0   0   0   0   151681270
0   0   0   0   0   0   0   151803277
0   0   0   0   0   0   0   155162491
0   0   0   0   0   0   0   155322798
0   0   0   0   0   0   0   155461173
0   0   0   0   0   0   0   155696351
0   0   0   0   0   0   0   156007399
0   0   0   0   0   0   0   156186991
0   0   0   0   0   0   0   156444656
0   0   0   0   0   0   0   156577485
0   0   0   0   0   0   0   156705756
0   0   0   0   0   0   0   156873234
0   0   0   0   0   0   0   157358232
0   0   0   0   0   0   0   157510524
0   0   0   0   0   0   0   157763841
0   0   0   0   0   0   0   157882642
0   0   0   0   0   0   0   158049436
0   0   0   0   0   0   0   158108867
0   0   0   0   0   0   0   158265606
0   0   0   0   0   0   0   161325639
0   0   0   0   0   0   0   161468825
0   0   0   0   0   0   0   161594288
0   0   0   0   0   0   0   161763615
0   0   0   0   0   0   0   161906992
0   0   0   0   0   0   0   162049829
0   0   0   0   0   0   0   162195386
0   0   0   0   0   0   0   162317287
0   0   0   0   0   0   0   162434269
0   0   0   0   0   0   0   162605415
0   0   0   0   0   0   0   162774353
0   0   0   0   0   0   0   162915193
0   0   0   0   0   0   0   163044924
0   0   0   0   0   0   0   163149001
0   0   0   0   0   0   0   163289567
0   0   0   0   0   0   0   163513109
0   0   0   0   0   0   0   163675491
0   0   0   0   0   0   0   167192580
0   0   0   0   0   0   0   167366367
0   0   0   0   0   0   0   167520317
0   0   0   0   0   0   0   167661512
0   0   0   0   0   0   0   167794482
0   0   0   0   0   0   0   167942234
0   0   0   0   0   0   0   168074079
0   0   0   0   0   0   0   168204571
0   0   0   0   0   0   0   168346259
0   0   0   0   0   0   0   168484559
0   0   0   0   0   0   0   168621884
0   0   0   0   0   0   0   168757878
0   0   0   0   0   0   0   168955733
0   0   0   0   0   0   0   169136567
0   0   0   0   0   0   0   169283753
0   0   0   0   0   0   0   169463021
0   0   0   0   0   0   0   169587384
0   0   0   0   0   0   0   169706963
0   0   0   0   0   0   0   173482055
0   0   0   0   0   0   0   173624216
0   0   0   0   0   0   0   173758543
0   0   0   0   0   0   0   173898337
0   0   0   0   0   0   0   174084692
0   0   0   0   0   0   0   174244656
0   0   0   0   0   0   0   174423562
0   0   0   0   0   0   0   174590237
0   0   0   0   0   0   0   174726436
0   0   0   0   0   0   0   174916964
0   0   0   0   0   0   0   175063368
0   0   0   0   0   0   0   175209534
0   0   0   0   0   0   0   175341861
0   0   0   0   0   0   0   175476783
0   0   0   0   0   0   0   175633285
0   0   0   0   0   0   0   175788010
0   0   0   0   0   0   0   175936233
0   0   0   0   0   0   0   176092038
0   0   0   0   0   0   0   176273052
0   0   0   0   0   0   0   176408961
0   0   0   0   0   0   0   176613211
0   0   0   0   0   0   0   177506797
0   0   0   0   0   0   0   177653065
0   0   0   0   0   0   0   177773804
0   0   0   0   0   0   0   177905447
0   0   0   0   0   0   0   178063738
0   0   0   0   0   0   0   181498347
0   0   0   0   0   0   0   181682407
0   0   0   0   0   0   0   181822832
0   0   0   0   0   0   0   181928234
0   0   0   0   0   0   0   182077234
0   0   0   0   0   0   0   182251252
0   0   0   0   0   0   0   182379036
0   0   0   0   0   0   0   182506615
0   0   0   0   0   0   0   182650588
0   0   0   0   0   0   0   182793120
0   0   0   0   0   0   0   182946894
0   0   0   0   0   0   0   183093837
0   0   0   0   0   0   0   183244542
0   0   0   0   0   0   0   183377805
0   0   0   0   0   0   0   183501582
0   0   0   0   0   0   0   183656918
0   0   0   0   0   0   0   183839658
0   0   0   0   0   0   0   183948471
0   0   0   0   0   0   0   184082516
0   0   0   0   0   0   0   185035065
0   0   0   0   0   0   0   185180069
0   0   0   0   0   0   0   185336720
0   0   0   0   0   0   0   185458075
0   0   0   0   0   0   0   185604208
0   0   0   0   0   0   0   188902848
0   0   0   0   0   0   0   189123722
0   0   0   0   0   0   0   189276289
0   0   0   0   0   0   0   189366062
0   0   0   0   0   0   0   189509609
0   0   0   0   0   0   0   189643334
0   0   0   0   0   0   0   189786359
0   0   0   0   0   0   0   189948254
0   0   0   0   0   0   0   190197617
0   0   0   0   0   0   0   190357067
0   0   0   0   0   0   0   190519540
0   0   0   0   0   0   0   190682349
0   0   0   0   0   0   0   190914797
0   0   0   0   0   0   0   191127315
0   0   0   0   0   0   0   191304884
0   0   0   0   0   0   0   191422932
0   0   0   0   0   0   0   193296598
0   0   0   0   0   0   0   193416153
0   0   0   0   0   0   0   193554679
0   0   0   0   0   0   0   193694671
0   0   0   0   0   0   0   193900676
0   0   0   0   0   0   0   194044241
0   0   0   0   0   0   0   194186876
0   0   0   0   0   0   0   194322068
0   0   0   0   0   0   0   194457239
0   0   0   0   0   0   0   198561741
0   0   0   0   0   0   0   198697870
0   0   0   0   0   0   0   198860421
0   0   0   0   0   0   0   198989296
0   0   0   0   0   0   0   199095873
0   0   0   0   0   0   0   199262229
0   0   0   0   0   0   0   199395777
0   0   0   0   0   0   0   199538848
0   0   0   0   0   0   0   199667622
0   0   0   0   0   0   0   199821683
0   0   0   0   0   0   0   199979851
0   0   0   0   0   0   0   200137353
0   0   0   0   0   0   0   200290670
0   0   0   0   0   0   0   200423331
0   0   0   0   0   0   0   200567154
0   0   0   0   0   0   0   200730818
0   0   0   0   0   0   0   200892188
0   0   0   0   0   0   0   201052435
0   0   0   0   0   0   0   201202773
0   0   0   0   0   0   0   201352775
0   0   0   0   0   0   0   201487336
0   0   0   0   0   0   0   201644755
0   0   0   0   0   0   0   201811270
0   0   0   0   0   0   0   206261511
0   0   0   0   0   0   0   206391828
0   0   0   0   0   0   0   206519972
0   0   0   0   0   0   0   206665287
0   0   0   0   0   0   0   206803853
0   0   0   0   0   0   0   206936906
0   0   0   0   0   0   0   207094549
0   0   0   0   0   0   0   207206807
0   0   0   0   0   0   0   207331319
0   0   0   0   0   0   0   207462514
0   0   0   0   0   0   0   207580843
0   0   0   0   0   0   0   208173922
0   0   0   0   0   0   0   208358369
0   0   0   0   0   0   0   208477713
0   0   0   0   0   0   0   208599990
0   0   0   0   0   0   0   208804045
0   0   0   0   0   0   0   209001960
0   0   0   0   0   0   0   209165594
0   0   0   0   0   0   0   209297048
0   0   0   0   0   0   0   209545526
0   0   0   0   0   0   0   209679010
0   0   0   0   0   0   0   209811975
0   0   0   0   0   0   0   209948415
0   0   0   0   0   0   0   210083779
0   0   0   0   0   0   0   210214975
0   0   0   0   0   0   0   210353368
0   0   0   0   0   0   0   210511049
0   0   0   0   0   0   0   212364015
0   0   0   0   0   0   0   212472004
0   0   0   0   0   0   0   212620851
0   0   0   0   0   0   0   212753182
0   0   0   0   0   0   0   212895212
0   0   0   0   0   0   0   213029068
0   0   0   0   0   0   0   213149523
0   0   0   0   0   0   0   213310262
0   0   0   0   0   0   0   213444522
0   0   0   0   0   0   0   213600334
0   0   0   0   0   0   0   213782521
0   0   0   0   0   0   0   216097304
0   0   0   0   0   0   0   216159631
0   0   0   0   0   0   0   216308356
0   0   0   0   0   0   0   216481144
0   0   0   0   0   0   0   216621050
0   0   0   0   0   0   0   216746538
0   0   0   0   0   0   0   216883765
0   0   0   0   0   0   0   217038963
0   0   0   0   0   0   0   217143647
0   0   0   0   0   0   0   217284812
0   0   0   0   0   0   0   217448046
0   0   0   0   0   0   0   217606700
0   0   0   0   0   0   0   217764396
0   0   0   0   0   0   0   217906595
0   0   0   0   0   0   0   220544052
0   0   0   0   0   0   0   220692259
0   0   0   0   0   0   0   220833559
0   0   0   0   0   0   0   220966731
0   0   0   0   0   0   0   221117822
0   0   0   0   0   0   0   221271864
0   0   0   0   0   0   0   221413658
0   0   0   0   0   0   0   221670343
0   0   0   0   0   0   0   221846892
0   0   0   0   0   0   0   222045352
0   0   0   0   0   0   0   222226218
0   0   0   0   0   0   0   222404758
0   0   0   0   0   0   0   222562018
0   0   0   0   0   0   0   226336457
0   0   0   0   0   0   0   226452067
0   0   0   0   0   0   0   226571512
0   0   0   0   0   0   0   226702139
0   0   0   0   0   0   0   226845275
0   0   0   0   0   0   0   226968096
0   0   0   0   0   0   0   227085657
0   0   0   0   0   0   0   227287895
0   0   0   0   0   0   0   227459858
0   0   0   0   0   0   0   227595513
0   0   0   0   0   0   0   227775258
0   0   0   0   0   0   0   228018084
0   0   0   0   0   0   0   228139905
0   0   0   0   0   0   0   228283222
0   0   0   0   0   0   0   228419550
0   0   0   0   0   0   0   228605247
0   0   0   0   0   0   0   228726485
0   0   0   0   0   0   0   228853354
0   0   0   0   0   0   0   228986160
0   0   0   0   0   0   0   231932346
0   0   0   0   0   0   0   232107074
0   0   0   0   0   0   0   232272443
0   0   0   0   0   0   0   232369977
0   0   0   0   0   0   0   232535896
0   0   0   0   0   0   0   232673424
0   0   0   0   0   0   0   232813743
0   0   0   0   0   0   0   232960759
0   0   0   0   0   0   0   233100757
0   0   0   0   0   0   0   233237174
0   0   0   0   0   0   0   233370142
0   0   0   0   0   0   0   233547636
0   0   0   0   0   0   0   233682398
0   0   0   0   0   0   0   233819157
0   0   0   0   0   0   0   233947613
0   0   0   0   0   0   0   234095304
0   0   0   0   0   0   0   235442258
0   0   0   0   0   0   0   235602302
0   0   0   0   0   0   0   235777731
0   0   0   0   0   0   0   235893387
0   0   0   0   0   0   0   236057689
0   0   0   0   0   0   0   236237954
0   0   0   0   0   0   0   236374144
0   0   0   0   0   0   0   236524575
0   0   0   0   0   0   0   239402073
0   0   0   0   0   0   0   239530399
0   0   0   0   0   0   0   239691925
0   0   0   0   0   0   0   239786978
0   0   0   0   0   0   0   239980094
0   0   0   0   0   0   0   240166293
0   0   0   0   0   0   0   240328506
0   0   0   0   0   0   0   240545994
0   0   0   0   0   0   0   240771268
0   0   0   0   0   0   0   240939470
0   0   0   0   0   0   0   241069610
0   0   0   0   0   0   0   241211300
0   0   0   0   0   0   0   241346084
0   0   0   0   0   0   0   241493598
0   0   0   0   0   0   0   241613167
0   0   0   0   0   0   0   243541786
0   0   0   0   0   0   0   243675165
0   0   0   0   0   0   0   243816855
0   0   0   0   0   0   0   244027690
0   0   0   0   0   0   0   244153526
0   0   0   0   0   0   0   244265395
0   0   0   0   0   0   0   244401479
0   0   0   0   0   0   0   244530242
0   0   0   0   0   0   0   244706428
0   0   0   0   0   0   0   244890981
0   0   0   0   0   0   0   245052439
0   0   0   0   0   0   0   246168879
0   0   0   0   0   0   0   246302258
0   0   0   0   0   0   0   246440680
0   0   0   0   0   0   0   246614371
0   0   0   0   0   0   0   246770051
0   0   0   0   0   0   0   246927964
0   0   0   0   0   0   0   248546790
0   0   0   0   0   0   0   248720814
0   0   0   0   0   0   0   248886664
0   0   0   0   0   0   0   249029385
0   0   0   0   0   0   0   249163841
0   0   0   0   0   0   0   249297397
0   0   0   0   0   0   0   249433534
0   0   0   0   0   0   0   249562167
0   0   0   0   0   0   0   250396348
0   0   0   0   0   0   0   250505865
0   0   0   0   0   0   0   250647068
0   0   0   0   0   0   0   250787441
0   0   0   0   0   0   0   250991264
0   0   0   0   0   0   0   254965445
0   0   0   0   0   0   0   255091257
0   0   0   0   0   0   0   255281379
0   0   0   0   0   0   0   255402364
0   0   0   0   0   0   0   255582234
0   0   0   0   0   0   0   255707749
0   0   0   0   0   0   0   255845550
0   0   0   0   0   0   0   256003507
0   0   0   0   0   0   0   256171020
0   0   0   0   0   0   0   256316170
0   0   0   0   0   0   0   256695161
0   0   0   0   0   0   0   256830834
0   0   0   0   0   0   0   257053741
0   0   0   0   0   0   0   257270157
0   0   0   0   0   0   0   257407908
0   0   0   0   0   0   0   257685775
0   0   0   0   0   0   0   257944802
0   0   0   0   0   0   0   258159144
0   0   0   0   0   0   0   258323975
0   0   0   0   0   0   0   258475352
0   0   0   0   0   0   0   260974578
0   0   0   0   0   0   0   261161380
0   0   0   0   0   0   0   261310771
0   0   0   0   0   0   0   261433570
0   0   0   0   0   0   0   261575623
0   0   0   0   0   0   0   261713455
0   0   0   0   0   0   0   261852824
0   0   0   0   0   0   0   262020761
0   0   0   0   0   0   0   262142079
0   0   0   0   0   0   0   262237519
0   0   0   0   0   0   0   262435717
0   0   0   0   0   0   0   262684739
0   0   0   0   0   0   0   262885081
0   0   0   0   0   0   0   266752946
0   0   0   0   0   0   0   266891795
0   0   0   0   0   0   0   267091016
0   0   0   0   0   0   0   267224891
0   0   0   0   0   0   0   267373380
0   0   0   0   0   0   0   267482370
0   0   0   0   0   0   0   267627127
0   0   0   0   0   0   0   267776642
0   0   0   0   0   0   0   267925648
0   0   0   0   0   0   0   268087065
0   0   0   0   0   0   0   268226912
0   0   0   0   0   0   0   268350473
0   0   0   0   0   0   0   268533111
0   0   0   0   0   0   0   268680305
0   0   0   0   0   0   0   268818227
0   0   0   0   0   0   0   268967041
0   0   0   0   0   0   0   269113562
0   0   0   0   0   0   0   269246810
0   0   0   0   0   0   0   269378715
0   0   0   0   0   0   0   269521899
0   0   0   0   0   0   0   269686585
0   0   0   0   0   0   0   269849100
0   0   0   0   0   0   0   271972088
0   0   0   0   0   0   0   272208900
0   0   0   0   0   0   0   272374042
0   0   0   0   0   0   0   273335009
0   0   0   0   0   0   0   273490774
0   0   0   0   0   0   0   273637893
0   0   0   0   0   0   0   273776734
0   0   0   0   0   0   0   273954968
0   0   0   0   0   0   0   274883566
0   0   0   0   0   0   0   275037031
0   0   0   0   0   0   0   275300554
0   0   0   0   0   0   0   275465708
0   0   0   0   0   0   0   275622957
0   0   0   0   0   0   0   276910527
0   0   0   0   0   0   0   277194048
0   0   0   0   0   0   0   277340183
0   0   0   0   0   0   0   277481338
0   0   0   0   0   0   0   277613654
0   0   0   0   0   0   0   277772293
0   0   0   0   0   0   0   278730389
0   0   0   0   0   0   0   278854706
0   0   0   0   0   0   0   279004779
0   0   0   0   0   0   0   279132489
0   0   0   0   0   0   0   279276614
0   0   0   0   0   0   0   280235336
0   0   0   0   0   0   0   280381822
0   0   0   0   0   0   0   280508430
0   0   0   0   0   0   0   280675449
0   0   0   0   0   0   0   280804015
0   0   0   0   0   0   0   280928509
0   0   0   0   0   0   0   281912034
0   0   0   0   0   0   0   282048138
0   0   0   0   0   0   0   282198465
0   0   0   0   0   0   0   282328890
0   0   0   0   0   0   0   283117142
0   0   0   0   0   0   0   283247113
0   0   0   0   0   0   0   283414380
0   0   0   0   0   0   0   283550136
0   0   0   0   0   0   0   284251623
0   0   0   0   0   0   0   284407692
0   0   0   0   0   0   0   284542614
0   0   0   0   0   0   0   285377026
0   0   0   0   0   0   0   285515646
0   0   0   0   0   0   0   285650787
0   0   0   0   0   0   0   285800464
0   0   0   0   0   0   0   285943491
0   0   0   0   0   0   0   286861635
0   0   0   0   0   0   0   286982974
0   0   0   0   0   0   0   287132447
0   0   0   0   0   0   0   287271376
0   0   0   0   0   0   0   288181162
0   0   0   0   0   0   0   288315191
0   0   0   0   0   0   0   288440869
0   0   0   0   0   0   0   288588313
0   0   0   0   0   0   0   288745015
0   0   0   0   0   0   0   289664408
0   0   0   0   0   0   0   289807426
0   0   0   0   0   0   0   289959247
0   0   0   0   0   0   0   290153260
0   0   0   0   0   0   0   290309026
0   0   0   0   0   0   0   291244128
0   0   0   0   0   0   0   291417560
0   0   0   0   0   0   0   291574407
0   0   0   0   0   0   0   291716205
0   0   0   0   0   0   0   291926437
0   0   0   0   0   0   0   293025527
0   0   0   0   0   0   0   293336933
0   0   0   0   0   0   0   293470651
0   0   0   0   0   0   0   293618163
0   0   0   0   0   0   0   293749284
0   0   0   0   0   0   0   294613676
0   0   0   0   0   0   0   294773618
0   0   0   0   0   0   0   294881089
0   0   0   0   0   0   0   295012673
0   0   0   0   0   0   0   295159194
0   0   0   0   0   0   0   295321413
0   0   0   0   0   0   0   295472911
0   0   0   0   0   0   0   295653645
0   0   0   0   0   0   0   295795590
0   0   0   0   0   0   0   295931866
0   0   0   0   0   0   0   297500509
0   0   0   0   0   0   0   297645763
0   0   0   0   0   0   0   297807256
0   0   0   0   0   0   0   298635849
0   0   0   0   0   0   0   298891048
0   0   0   0   0   0   0   299059260
0   0   0   0   0   0   0   299232195
0   0   0   0   0   0   0   300137116
0   0   0   0   0   0   0   300289345
0   0   0   0   0   0   0   300420435
0   0   0   0   0   0   0   300571757
0   0   0   0   0   0   0   300707893
0   0   0   0   0   0   0   301508212
0   0   0   0   0   0   0   301650956
0   0   0   0   0   0   0   301757904
0   0   0   0   0   0   0   301899836
0   0   0   0   0   0   0   302038804
0   0   0   0   0   0   0   302182471
0   0   0   0   0   0   0   302332442
0   0   0   0   0   0   0   302460965
0   0   0   0   0   0   0   302617091
0   0   0   0   0   0   0   302775905
0   0   0   0   0   0   0   304447984
0   0   0   0   0   0   0   304592249
0   0   0   0   0   0   0   304714189
0   0   0   0   0   0   0   304850904
0   0   0   0   0   0   0   305827524
0   0   0   0   0   0   0   305973138
0   0   0   0   0   0   0   306120075
0   0   0   0   0   0   0   306251809
